   2.05497909E-05   3.82933756E-08
   4.24249192E-05   2.02233181E-07
   6.57108831E-05   5.82011012E-07
   9.04986518E-05   1.30123385E-06
   1.16885101E-04   2.51669803E-06
   1.44973295E-04   4.42688861E-06
   1.74873101E-04   7.28155328E-06
   2.06701196E-04   1.13931565E-05
   2.40582100E-04   1.71506763E-05
   2.76648090E-04   2.50359390E-05
   3.15040088E-04   3.56432938E-05
   3.55908298E-04   4.97030851E-05
   3.99412209E-04   6.81093370E-05
   4.45721787E-04   9.19530576E-05
   4.95018205E-04   1.22561745E-04
   5.47493924E-04   1.61545671E-04
   6.03354012E-04   2.10853323E-04
   6.62816805E-04   2.72836536E-04
   7.26114609E-04   3.50327085E-04
   7.93494808E-04   4.46727092E-04
   8.65220616E-04   5.66114613E-04
   9.41572303E-04   7.13367946E-04
   1.02284795E-03   8.94309545E-04
   1.10936596E-03   1.11587835E-03
   1.20146398E-03   1.38632010E-03
   1.29950105E-03   1.71541539E-03
   1.40386203E-03   2.11475464E-03
   1.51495298E-03   2.59801652E-03
   1.63320894E-03   3.18134110E-03
   1.75909104E-03   3.88370547E-03
   1.89309299E-03   4.72740410E-03
   2.03573704E-03   5.73852565E-03
   2.18758010E-03   6.94755558E-03
   2.34921696E-03   8.39004107E-03
   2.52127810E-03   1.01072788E-02
   2.70443596E-03   1.21471537E-02
   2.89940694E-03   1.45650227E-02
   3.10695311E-03   1.74246728E-02
   3.32788401E-03   2.07993481E-02
   3.56306392E-03   2.47729197E-02
   3.81341111E-03   2.94410139E-02
   4.07990487E-03   3.49122882E-02
   4.36358619E-03   4.13096175E-02
   4.66556288E-03   4.87713292E-02
   4.98701585E-03   5.74524440E-02
   5.32920007E-03   6.75256252E-02
   5.69345383E-03   7.91822225E-02
   6.08120020E-03   9.26327854E-02
   6.49395399E-03  0.108107395    
   6.93332683E-03  0.125855476    
   7.40103796E-03  0.146145284    
   7.89891370E-03  0.169262201    
   8.42889957E-03  0.195506737    
   8.99306685E-03  0.225191310    
   9.59361997E-03  0.258636057    
   1.02329096E-02  0.296163857    
   1.09134195E-02  0.338092357    
   1.16378302E-02  0.384730101    
   1.24089504E-02  0.436362714    
   1.32298097E-02  0.493249357    
   1.41036101E-02  0.555609167    
   1.50337601E-02  0.623613417    
   1.60239097E-02  0.697379529    
   1.70779098E-02  0.776960611    
   1.81998909E-02  0.862347960    
   1.93942301E-02  0.953469276    
   2.06656009E-02   1.05019939    
   2.20189709E-02   1.15237486    
   2.34596208E-02   1.25981855    
   2.49931905E-02   1.37237728    
   2.66256593E-02   1.48996401    
   2.83634104E-02   1.61261773    
   3.02132498E-02   1.74056792    
   3.21823806E-02   1.87430227    
   3.42785195E-02   2.01464629    
   3.65098417E-02   2.16282582    
   3.88850793E-02   2.32052732    
   4.14135009E-02   2.48992848    
   4.41049896E-02   2.67370272    
   4.69700582E-02   2.87497616    
   5.00199199E-02   3.09723783    
   5.32664806E-02   3.34418511    
   5.67224212E-02   3.61951756    
   6.04012609E-02   3.92667699    
   6.43173531E-02   4.26854134    
   6.84860125E-02   4.64711666    
   7.29235336E-02   5.06323719    
   7.76472464E-02   5.51633072    
   8.26756135E-02   6.00429726    
   8.80282819E-02   6.52354050    
   9.37261730E-02   7.06920242    
   9.97915417E-02   7.63562012    
  0.106248103       8.21701050    
  0.113121100       8.80834293    
  0.120437302       9.40630817    
  0.128225401       10.0103254    
  0.136515707       10.6233196    
  0.145340800       11.2522421    
  0.154734999       11.9079952    
  0.164735094       12.6048145    
  0.175380200       13.3588924    
  0.186711803       14.1863804    
  0.198774204       15.1009521    
  0.211614594       16.1111870    
  0.225283101       17.2181969    
  0.239833206       18.4139767    
  0.255321592       19.6808224    
  0.271809012       20.9922581    
  0.289359689       22.3153591    
  0.308042407       23.6145916    
  0.327930003       24.8564701    
  0.349100202       26.0145969    
  0.371635795       27.0741081    
  0.395624787       28.0347252    
  0.421160907       28.9117336    
  0.448343992       29.7344608    
  0.477280289       30.5423012    
  0.508082688       31.3788071    
  0.540871799       32.2848320    
  0.575775623       33.2918701    
  0.612930477       34.4168587    
  0.652481675       35.6594124    
  0.694583714       37.0019035    
  0.739400983       38.4123764    
  0.787108779       39.8496284    
  0.837893486       41.2694168    
  0.891953588       42.6307030    
  0.949500203       43.9008484    
   1.01075804       45.0590134    
   1.07596695       46.0974236    
   1.14538205       47.0204926    
   1.21927297       47.8422318    
   1.29793000       48.5826416    
   1.38165998       49.2636070    
   1.47079003       49.9052010    
   1.56566799       50.5227814    
   1.66666496       51.1253204    
   1.77417696       51.7149925    
   1.88862205       52.2879143    
   2.01044798       52.8358231    
   2.14013100       53.3481827    
   2.27817798       53.8144073    
   2.42512894       54.2257652    
   2.58155704       54.5767288    
   2.74807310       54.8656464    
   2.92532897       55.0946884    
   3.11401701       55.2692375    
   3.31487489       55.3968925    
   3.52868605       55.4863472    
   3.75628805       55.5463295    
   3.99856806       55.5847893    
   4.25647402       55.6083832    
   4.53101301       55.6222725    
   4.82325888       55.6301842    
   5.13435316       55.6346207    
   5.46551085       55.6371384    
   5.81802702       55.6386375    
   6.19327784       55.6395988    
   6.59273100       55.6402588    
   7.01794577       55.6407280    
   7.47058487       55.6410637    
   7.95241690       55.6412964    
   8.46532440       55.6414490    
   9.01131058       55.6415443    
   9.59251118       55.6416016    
   10.2111998       55.6416321    
   10.8697796       55.6416473    
   11.5708399       55.6416550    
   12.3171196       55.6416588    
   13.1115303       55.6416588    
   13.9571695       55.6416588    
   14.8573503       55.6416588    
   15.8155804       55.6416588    
   16.8356209       55.6416588    
   17.9214497       55.6416588    
   19.0772991       55.6416588    
   20.3076992       55.6416588    
   21.6174603       55.6416588    
   23.0116806       55.6416588    
   24.4958305       55.6416588    
   26.0757008       55.6416588    
   27.7574596       55.6416588    
