  0.14945055544376373        204.03106714716361     
  0.29890111088752747        69.059867791833369     
  0.44835168123245239        34.073460807672816     
  0.59780222177505493        19.964541388349261     
  0.74725276231765747        12.949165150282958     
  0.89670336246490479        8.9937803870142421     
   1.0461539030075073        6.5666941004565489     
   1.1956044435501099        4.9833986305182165     
   1.3450549840927124        3.9013917726582830     
   1.4945055246353149        3.1343580438951966     
   1.6439560651779175        2.5741880078079151     
   1.7934067249298096        2.1548407391346669     
   1.9428572654724121        1.8342457986979275     
   2.0923078060150146        1.5846497264501893     
   2.2417583465576172        1.3871971861559835     
   2.3912088871002197        1.2287511298739784     
   2.5406594276428223        1.0999571696134538     
   2.6901099681854248       0.99402673932617125     
   2.8395605087280273       0.90595039054633664     
   2.9890110492706299       0.83197647337824865     
   3.1384615898132324       0.76925803619536137     
   3.2879121303558350       0.71560894641623207     
   3.4373626708984375       0.66933246945825453     
   3.5868134498596191       0.62909879858977513     
   3.7362639904022217       0.59385663027506597     
   3.8857145309448242       0.56276770893475014     
   4.0351648330688477       0.53515880952909745     
   4.1846156120300293       0.51048518549685329     
   4.3340659141540527       0.48830351519710657     
   4.4835166931152344       0.46825027563326194     
   4.6329669952392578       0.45002607885249518     
   4.7824177742004395       0.43338253214635841     
   4.9318685531616211       0.41811277456760193     
   5.0813188552856445       0.40404348942541174     
   5.2307696342468262       0.39102860779118215     
   5.3802199363708496       0.37894468258623026     
   5.5296707153320312       0.36768659875490617     
   5.6791210174560547       0.35716469419097463     
   5.8285717964172363       0.34730188772853982     
   5.9780220985412598       0.33803184677638443     
   6.1274728775024414       0.32929701669329153     
   6.2769231796264648       0.32104744857753836     
   6.4263739585876465       0.31323941421620177     
   6.5758242607116699       0.30583465690680695     
   6.7252750396728516       0.29879939444113174     
   6.8747253417968750       0.29210384460563849     
   7.0241761207580566       0.28572149012436238     
   7.1736268997192383       0.27962876542103943     
   7.3230772018432617       0.27380459658452583     
   7.4725279808044434       0.26823001899450427     
   7.6219782829284668       0.26288802519937782     
   7.7714290618896484       0.25776318423327083     
   7.9208793640136719       0.25284157517022937     
   8.0703296661376953       0.24811049726214454     
   8.2197809219360352       0.24355835849601906     
   8.3692312240600586       0.23917464571598845     
   8.5186815261840820       0.23494963972419422     
   8.6681318283081055       0.23087443664818991     
   8.8175830841064453       0.22694081036956987     
   8.9670333862304688       0.22314123943272166     
   9.1164836883544922       0.21946869306537065     
   9.2659339904785156       0.21591667680683369     
   9.4153852462768555       0.21247913647405933     
   9.5648355484008789       0.20915050203921076     
   9.7142858505249023       0.20592551792539643     
   9.8637371063232422       0.20279927796065766     
   10.013187408447266       0.19976725215621494     
   10.162637710571289       0.19682514022117525     
   10.312088012695312       0.19396892795860829     
   10.461539268493652       0.19119482804683158     
   10.610989570617676       0.18849933098615665     
   10.760439872741699       0.18587908150089127     
   10.909890174865723       0.18333093411210205     
   11.059341430664062       0.18085190533236975     
   11.208791732788086       0.17843922357981246     
   11.358242034912109       0.17609022254505499     
   11.507692337036133       0.17380239418730020     
   11.657143592834473       0.17157334888936074     
   11.806593894958496       0.16940086304359472     
   11.956044197082520       0.16728278554547224     
   12.105495452880859       0.16521707451650589     
   12.254945755004883       0.16320182837952102     
   12.404396057128906       0.16123520042721723     
   12.553846359252930       0.15931544600260292     
   12.703297615051270       0.15744089191345437     
   12.852747917175293       0.15560997897855294     
   13.002198219299316       0.15382118563014552     
   13.151648521423340       0.15207307173310547     
   13.301099777221680       0.15036425170168655     
   13.450550079345703       0.14869343414859601     
   13.600000381469727       0.14705935301320719     
   13.749450683593750       0.14546080819678711     
   13.898901939392090       0.14389664165450189     
   14.048352241516113       0.14236577429336450     
   14.197802543640137       0.14086686962665881     
   14.347253799438477       0.13939949957379830     
   14.496704101562500       0.13796239378883601     
   14.646154403686523       0.13655461664371013     
   14.795604705810547       0.13517527939324830     
   14.945055961608887       0.13382352030247555     
   15.094506263732910       0.13249853721319368     
   15.243956565856934       0.13119953414060195     
   15.393406867980957       0.12992575438645088     
   15.542858123779297       0.12867646246092693     
   15.692308425903320       0.12745097442761172     
   15.841758728027344       0.12624860877104427     
   15.991209030151367       0.12506871720137028     
   16.140659332275391       0.12391067543943106     
   16.290109634399414       0.12277388211535731     
   16.439561843872070       0.12165774361227943     
   16.589012145996094       0.12056172979430350     
   16.738462448120117       0.11948528761819568     
   16.887912750244141       0.11842789748372468     
   17.037363052368164       0.11738905802221568     
   17.186813354492188       0.11636828530387525     
   17.336263656616211       0.11536511208611668     
   17.485715866088867       0.11437907462391768     
   17.635166168212891       0.11340976210958355     
   17.784616470336914       0.11245674053392234     
   17.934066772460938       0.11151960262416026     
   18.083517074584961       0.11059795457106357     
   18.232967376708984       0.10969141547715511     
   18.382417678833008       0.10879961683184691     
   18.531867980957031       0.10792220201196982     
   18.681320190429688       0.10705881487565243     
   18.830770492553711       0.10620914320478092     
   18.980220794677734       0.10537285216728470     
   19.129671096801758       0.10454962815510065     
   19.279121398925781       0.10373916728443022     
   19.428571701049805       0.10294117502173007     
   19.578022003173828       0.10215536582683257     
   19.727474212646484       0.10138145301023285     
   19.876924514770508       0.10061918776286560     
   20.026374816894531        9.9868299589238277E-002
   20.175825119018555        9.9128535665920225E-002
   20.325275421142578        9.8399650605451458E-002
   20.474725723266602        9.7681406184957367E-002
   20.624176025390625        9.6973571086562696E-002
   20.773626327514648        9.6275920649010707E-002
   20.923078536987305        9.5588227916099874E-002
   21.072528839111328        9.4910298387535341E-002
   21.221979141235352        9.4241917145884924E-002
   21.371429443359375        9.3582883877776774E-002
   21.520879745483398        9.2933003834090075E-002
   21.670330047607422        9.2292087638084497E-002
   21.819780349731445        9.1659951101414991E-002
   21.969232559204102        9.1036407143957859E-002
   22.118682861328125        9.0421297345727625E-002
   22.268133163452148        8.9814444040712177E-002
   22.417583465576172        8.9215682099328203E-002
   22.567033767700195        8.8624850766278615E-002
   22.716484069824219        8.8041793516661762E-002
   22.865934371948242        8.7466357917723447E-002
   23.015384674072266        8.6898395495995276E-002
   23.164836883544922        8.6337754500688688E-002
   23.314287185668945        8.5784308307284632E-002
   23.463737487792969        8.5237912371824903E-002
   23.613187789916992        8.4698432828879414E-002
   23.762638092041016        8.4165739180696184E-002
   23.912088394165039        8.3639704191961525E-002
   24.061538696289062        8.3120203788482311E-002
   24.210990905761719        8.2607110451808935E-002
   24.360441207885742        8.2100319236113758E-002
   24.509891510009766        8.1599708390516779E-002
   24.659341812133789        8.1105165544843816E-002
   24.808792114257812        8.0616581036631121E-002
   24.958242416381836        8.0133847830056351E-002
   25.107692718505859        7.9656861437764903E-002
   25.257143020629883        7.9185519845471522E-002
   25.406595230102539        7.8719717529499453E-002
   25.556045532226562        7.8259369094407408E-002
   25.705495834350586        7.7804373538960261E-002
   25.854946136474609        7.7354638038812998E-002
   26.004396438598633        7.6910071903509986E-002
   26.153846740722656        7.6470586515516845E-002
   26.303297042846680        7.6036095271330650E-002
   26.452749252319336        7.5606508073055703E-002
   26.602199554443359        7.5181753140632329E-002
   26.751649856567383        7.4761744065254765E-002
   26.901100158691406        7.4346401749440169E-002
   27.050550460815430        7.3935648843713425E-002
   27.200000762939453        7.3529409698585013E-002
