0   1.24680792193491e+20   1.246807942913628e+20   9.089229903840349e+22
1   123775657.13427402   124189632.95262693   90534242422.46507
2   8495280.375694081   7778565.098472821   5670573956.786686
3   1357551.8422208598   1537921.4560423014   1121144741.4548378
4   373658.7050939508   486943.22603565856   354981611.7799952
5   150463.00101296505   199583.03441042817   145496032.08520213
6   59111.28505820893   96316.1584333496   70214479.49791186
7   19596.18909958078   52028.35455674552   37928670.47186749
8   8044.608107886453   30523.490335926057   22251624.454890095
9   6852.83427520203   19073.185930202693   13904352.543117767
10   6119.586677738006   12526.557804242295   9131860.639292633
11   3611.8144930150543   8565.251688605287   6244068.480993253
12   1029.8083482063269   6054.894163158838   4414017.844942794
13   182.95668181698701   4401.705399067086   3208843.235919905
14   1215.4757580123019   3277.0849624793073   2388994.937647415
15   2929.968269866207   2490.480968625954   1815560.6261283206
16   4040.0726275424777   1926.9035120485514   1404712.660283394
17   4102.258054313998   1514.5348385307898   1104095.8972889457
18   3563.4363498988264   1207.15648129216   880017.0748619844
19   3159.26741187172   974.2301003535016   710213.7431577028
20   3280.1187726815897   795.1007351744021   579628.4359421391
21   3766.6349263616876   655.5036006671935   477862.1248863841
22   4164.269002027026   545.4006861071707   397597.1001721274
23   4130.698135380245   457.6076751016329   333595.99514909036
24   3660.892886450372   386.90299133396   282052.2806824569
25   3012.8706773298054   329.43797960608003   240160.2871328324
26   2463.7304578965586   282.3392476548137   205825.31154035917
27   2115.9167908793197   243.43604898416487   177464.8797094562
28   1881.527299729888   211.0705003320486   153870.39474206345
29   1610.244213360681   183.96358410317185   134109.45281121228
30   1229.9000111645184   161.11929385657126   117455.96522144043
31   792.2286250646112   141.75522922770372   103339.562106996
32   413.0570619937663   125.25177243018392   91308.54210160411
33   176.8764768406126   111.11447840066602   81002.45475408554
34   84.92370990720309   98.94596845534409   72131.61100394583
35   74.47326628522836   88.42473190094489   64461.62955578884
36   77.87257860692385   79.28899908074118   57801.68032986033
37   68.45338681062682   71.32437250761075   51995.467558048236
38   63.20264873455457   64.35426743279253   46914.26095850576
39   91.29826526959631   58.23247014118647   42451.47073292493
40   160.4806441266391   52.83730511175914   38518.395426472416
41   247.14654967403834   48.06703353791598   35040.867449140744
42   312.6859346488347   43.8362009157135   31956.590467555143
43   329.10617852903187   40.072721009581365   29213.01361598481
44   294.2782025647665   36.71553479535766   26765.62486581573
45   228.7560830853302   33.71272106609923   24576.57365718634
46   160.23109485080323   31.01996387276663   22613.553663246872
47   108.02461747019758   28.599303426590478   20848.892197984456
48   76.6077568000962   26.41811335535977   19258.804636057266
49   59.11036831452603   24.448259614974265   17822.78125931624
50   45.6975313647138   22.665405881723636   16523.08088777653
51   30.646794977267685   21.048437602760462   15344.311012412374
52   14.771500712837337   19.578982588828353   14273.078307255868
53   3.412139927260859   18.24101048616013   13297.696644410733
54   2.30134501395628   17.020496956644955   12407.942281394173
55   13.815068709882361   15.90514114746861   11594.847896504618
56   35.248125067836355   14.884127210441711   10850.528736412005
57   59.62479736213826   13.947922364245715   10168.035403535127
58   78.53401920534938   13.088105377097472   9541.22881990406
59   85.6825891691475   12.297220457643952   8964.673713622442
60   79.50972910368618   11.568652436047758   8433.547625878815
61   63.580529863494746   10.89651984008076   7943.562963418876
62   44.560311570047936   10.27558305760595   7490.900048994736
63   28.856956964733204   9.701165254512121   7072.149470539337
64   19.741542697183384   9.169084107536989   6684.262314394464
65   16.43758944546792   8.675592731506931   6324.507101268554
66   15.484290329388351   8.217328443842858   5990.432435561442
67   13.37001368147467   7.7912682264839335   5679.834537106789
68   8.799445250543872   7.394689925254237   5390.728955510339
69   3.333046569557943   7.025138376028455   5121.3258761247425
70   0.2063401736997022   6.680395771384553   4870.008517339341
71   2.197219566067836   6.358455685235018   4635.314194536329
72   9.849429737434864   6.057500259828587   4415.9176894150405
73   21.012135643927063   5.775880132453344   4210.616616558487
74   31.827687591650864   5.5120967405487535   4018.318523860041
75   38.51962871270964   5.264786695709443   3838.0295011721846
76   39.0098973607418   5.032707960843103   3668.8441034546217
77   33.61658219561488   4.814727601851562   3509.9364217497896
78   24.63775588678791   4.6098109167248   3360.5521582923798
79   15.174659658554399   4.417011771773495   3220.001581622878
80   7.827155519729923   4.235463997621975   3087.653254266419
81   3.8321289703171852   4.064373717158766   2962.9284398087398
82   2.9143666967982726   3.903012494413084   2845.2961084271383
83   3.76585499877644   3.750711207722109   2734.2684704294174
84   4.827586315628044   3.606854562936214   2629.3969763805
85   4.993966416251419   3.4708761730794477   2530.2687301749174
86   3.9730594979879665   3.342254140094068   2436.5032681285757
87   2.232288929791484   3.22050708226456   2347.7496629708644
88   0.6411696397843588   3.105190557818655   2263.6839166498
89   0.020382811895867516   2.995893841192958   2184.006610229667
90   0.7988942204232847   2.8922370136579563   2108.4407829566503
91   2.8932639307673402   2.793868334531317   2036.7300158733303
92   5.808303713126913   2.700461863162703   1968.636698245611
93   8.869035261285186   2.611715305327285   1903.940457583591
94   11.46230054735132   2.527348060686874   1842.4367362407313
95   13.193228189784127   2.4470994506248287   1783.9354995055003
96   13.92231001752293   2.370727108083783   1728.2600617930775
97   13.708551157398189   2.2980055130760966   1675.2460190324746
98   12.716289660190311   2.228724659332767   1624.7402766535877
99   11.13977018523995   2.1626888391387484   1576.6001637321476
100   9.17104602965676   2.099715534798654   1530.692624868219
101   7.003665021660627   2.0396344064099985   1486.8934822728888
102   4.844998053895885   1.9822863667120556   1445.0867613330886
103   2.911305650234978   1.927522734744565   1405.1640736287882
104   1.3966929280452907   1.875204460907276   1367.0240520014045
105   0.4275900337877347   1.825201416771997   1330.571832826786
106   0.026259950166679907   1.7773917436749984   1295.718581139074
107   0.10444936349536807   1.7316612547192936   1262.381054690365
108   0.4942321347319004   1.6879028853524978   1230.4812034219706
109   1.0055369636509832   1.6460161881640925   1199.9458011716238
110   1.4877465101156657   1.6059068679729223   1170.7061067522604
111   1.8714204490406696   1.5674863536573844   1142.697551816233
112   2.1753662108003198   1.530671403522322   1115.8594531677725
113   2.4790357556498894   1.4953837413025226   1090.134747409539
114   2.8738167138974644   1.4615497201770593   1065.4697460090763
115   3.4137831207764195   1.42910001241487   1041.81390905044
116   4.084820608299486   1.397969322493234   1019.1196360975674
117   4.802383362015003   1.3680961217296739   997.3420727409325
118   5.436599197484885   1.3394224026469368   976.4389315296169
119   5.853654447471925   1.311893451452   956.3703261085078
120   5.957696480821677   1.285457637155613   937.098617486442
121   5.718900201391307   1.2600662159901594   918.5882714568261
122   5.179550460045482   1.235673149902331   900.8057262787994
123   4.438205285313185   1.2122349380043898   883.7192698052003
124   3.6191600493548486   1.1897104599648767   867.2989253143952
125   2.838283887046627   1.1680608304076217   851.5163453671563
126   2.176045592348797   1.1472492634675946   836.3447130678763
127   1.6648623830095355   1.1272409467245166   821.7586501621727
128   1.2924791877156538   1.1080029238008273   807.7341314508033
129   1.0179019033490275   1.0895039849702763   794.2484050433313
130   0.7930570479107254   1.0717145651777218   781.2799180145591
131   0.5825927592451925   1.054606648920112   768.8082470627617
132   0.37590544519396685   1.038153681483631   756.8140338015672
133   0.18869216596325186   1.022330486073015   745.2789243472278
134   0.0548916998373339   1.0071131864064689   734.185512890316
135   0.012685226778603833   0.992479134383783   723.5172889657779
136   0.08958104793585976   0.9784068424664365   713.2585881580322
137   0.2913352078863357   0.9648759204370323   703.3945459985965
138   0.5978676086676338   0.951867016231504   693.9110548327664
139   0.9670347740615463   0.9393617605614271   684.7947234492802
140   1.3448216470110441   0.9273427150656733   676.0328392828759
141   1.67882092260972   0.9157933237507185   667.6133330142737
142   1.9311542703146556   0.9046978674973327   659.5247454055554
143   2.087345862590988   0.8940414214282916   651.7561962212245
144   2.1589061639024876   0.8838098149472906   644.297355096575
145   2.1791430772495297   0.8739895942735191   637.1384142253953
146   2.193509646370905   0.8645679873095042   630.2700627486286
147   2.2471621101894117   0.8555328706919315   623.683462734418
148   2.373006992275803   0.846872738886303   617.3702266481148
149   2.5832370998634464   0.838576675196568   611.3223962182981
150   2.86630710225371   0.8306343245703554   605.5324226117891
151   3.18979701250427   0.8230358680892016   599.993147837028
152   3.5080866759844493   0.8157719990412581   594.6977873010771
153   3.7726343186692364   0.8088339004814439   589.6399134509726
154   3.9422007565477184   0.802213224190972   584.8134404352186
155   3.9906567086206812   0.7959020709545618   580.2126097258755
156   3.910897237340971   0.7898929720796423   575.8319766460593
157   3.714545858445583   0.7841788720873516   571.6663977516793
158   3.4281941975988217   0.7787531125102954   567.7110190200053
159   3.0875992037778266   0.7736094167367965   563.9612648011248
160   2.7314201899592163   0.7687418758458168   560.4128274916004
161   2.3957798916824595   0.76414493538088   557.0616578926615
162   2.110374558049798   0.7598133830152022   553.9039562180825
163   1.896282283171093   0.7557423370638469   550.9361637195443
164   1.7652196504282383   0.7519272358021079   548.1549548997366
165   1.7198517749119129   0.7483638275525114   545.5572302857807
166   1.7548233773724802   0.7450481615057958   543.1401097377252
167   1.8583232125151792   0.7419765792440431   540.9009262689074
168   2.014090243090365   0.7391457069367688   538.8372203569045
169   2.203747125223465   0.7365524481832967   536.9467347256233
170   2.409223870938099   0.7341939774770828   535.2274095807933
171   2.6149015564422067   0.7320677342699249   533.6773782827753
172   2.8090687890212895   0.7301714176161092   532.2949634421436
173   2.9844041921444546   0.7285029813785967   531.0786734249969
174   3.137456921386934   0.7270606299813105   530.0271992563753
175   3.267398283754711   0.7258428146934437   529.1394119115205
176   3.3745330237809856   0.7248482304335315   528.4143599860445
177   3.459090936361813   0.7240758130827791   527.851267737346
178   3.520649563813926   0.7235247372988292   527.4495334908463
179   3.5582394602765257   0.723194414822818   527.2087284058342
