0   1.2468445826608008e+20   1.2468445991807823e+20   9.089497128027902e+22
1   123264107.1617671   124193284.13915424   90536904137.44345
2   8215244.305022093   7778793.788995641   5670740672.177822
3   1586512.1031360908   1537966.6710732728   1121177703.2124157
4   492933.4468221661   486957.54221088346   354992048.271734
5   172957.81410827435   199588.90216982953   145500309.68180576
6   48068.39404087886   96318.99013718565   70216543.81000836
7   6451.351016137836   52029.88419511127   37929785.578236125
8   1323.9961767138302   30524.387729323797   22252278.654677056
9   5526.238285318674   19073.746683607347   13904761.332349753
10   7067.0552621397455   12526.926086183392   9132129.116827693
11   4611.979108960612   8565.503507785555   6244252.05717567
12   1328.6299052201311   6055.072177599069   4414147.6174697215
13   22.31229601994129   4401.834809606983   3208937.5762034906
14   1129.8906503107721   3277.181309075872   2389065.174316311
15   3228.371042981384   2490.55418899341   1815614.0037761964
16   4615.829052188285   1926.9601631874211   1404753.9589636298
17   4531.63627904325   1514.5793659930746   1104128.3578089518
18   3355.814783398035   1207.1919718027282   880042.9474441888
19   2005.395944252068   974.258742807242   710234.6235064795
20   1187.8240052794174   795.1241112084805   579645.4770709822
21   1045.746105380686   655.5228725327951   477876.1740764075
22   1291.8464320365072   545.4167209370491   397608.7895631088
23   1569.811462575666   457.6211288089866   333605.8029017513
24   1711.5612039931295   386.9143663171669   282060.5730452147
25   1747.5805759473076   329.447665112705   240167.34786716197
26   1757.8970996715716   282.3475484544267   205831.36282327707
27   1744.6422848018665   243.44320602619135   177470.0971930935
28   1632.748918511291   211.076705823995   153874.9185456924
29   1366.4378211672379   183.96899264931062   134113.39564134745
30   991.4485001344303   161.12403077849478   117459.41843752268
31   643.9786436519112   141.75939684436239   103342.60029954016
32   458.6893972608841   125.25545484370863   91311.22658106359
33   474.8280571458087   111.1177451764578   81004.83623363773
34   613.2078029493754   98.94887747583446   72133.73167988332
35   735.0759705457035   88.42733159612166   64463.5247335727
36   733.1481205764649   79.29133018454046   57803.379704529994
37   589.9759361755501   71.32646945066287   51996.99622953322
38   371.7083256985477   64.35615945412022   46915.64024205364
39   173.57973693243113   58.234182181115834   42452.71881003344
40   60.730642788271275   52.83885853334495   38519.52787080846
41   40.70619271967285   48.06844671308275   35041.89765383733
42   75.4244924110755   43.83748970401559   31957.529994227367
43   114.6307386578573   40.07389915123121   29213.87248124755
44   125.50938030454375   36.71661423542685   26766.411777626177
45   103.31915084416868   33.7137122231711   24577.296210691726
46   63.75206530815241   31.020875862531593   22614.218503785534
47   27.619702978434713   28.60014424871771   20849.505157315212
48   8.634540033108996   26.41889005030012   19259.37084666879
49   9.151712490747734   24.44897839603512   17823.3052507096
50   22.706562233482384   22.666072246722255   16523.566667860527
51   39.485493712186944   21.0490564287443   15344.762136554595
52   51.33645851781215   19.579558212700864   14273.49793705893
53   54.6052459533259   18.24154677353088   13298.087597904014
54   50.466197302674665   17.0209973608067   12408.307076028086
55   43.21769475056114   15.905608760067919   11595.188786089513
56   37.543834409791195   14.884564805138211   10850.847742945756
57   36.073307999868916   13.948332434434416   10168.33434470269
58   38.40388023341996   13.088490168588388   9541.509332900936
59   41.95220384556673   12.297581997046159   8964.937275846647
60   43.912162748362256   11.568992555483728   8433.795572947638
61   42.977713599886   10.896840198757149   7943.796504893963
62   39.76958265204301   10.275885160684343   7491.120282138886
63   35.889102996268534   9.701450469654755   7072.357392378315
64   32.475673253898364   9.169353679445406   6684.458832315701
65   29.389401965918328   8.675847794723918   6324.693042353736
66   25.561475594381648   8.21757003404802   5990.608554821006
67   20.140966839522036   7.791497290479878   5680.001524759829
68   13.502026391203605   7.394907329811981   5390.887443432935
69   7.328069133952454   7.025344915736968   5121.47644357225
70   3.6874490851027404   6.680592175629074   4870.151696033594
71   3.7281728286498557   6.358642624411665   4635.450473196103
72   6.864539361597798   6.057678350888298   4416.047517797569
73   10.986594529169214   5.776049943855642   4210.740409070762
74   13.567000466399563   5.5122587966952885   4018.4366627908653
75   13.006586108462276   5.264941480918122   3838.1423395893116
76   9.456376257255844   5.032855922915825   3668.951967805636
77   4.692547463066813   4.814869155281864   3510.039614200479
78   1.1596361337815917   4.609946445585883   3360.6509588321087
79   0.7199609839257911   4.417141632322145   3220.0962499628436
80   3.748381069298698   4.235588520649518   3087.744031553498
81   8.984599112470512   4.0644932101164715   2963.0155501749077
82   14.157510678337667   3.9031272433361353   2845.379760392043
83   17.039615956841494   3.7508214789734504   2734.348858171645
84   16.43050255103577   3.606960604789088   2629.4742808912447
85   12.64813586433654   3.4709782171552677   2530.34312030619
86   7.356577785840127   3.342352402670395   2436.5749015467177
87   2.8505376583650204   3.220601765466292   2347.8186870249265
88   1.1260378485680815   3.1052818507040576   2263.7504691632575
89   3.119738106756418   2.9959819207449314   2184.0708202230544
90   8.396091017278128   2.8923220456897525   2108.5027713078293
91   15.361598498706853   2.7939504745149812   2036.7898959214212
92   21.87845529513075   2.7005412569875955   1968.6945763439574
93   26.0161848856065   2.6117920899952893   1903.996433606566
94   26.660884747120868   2.527422364950197   1842.4909040486934
95   23.78885962771946   2.4471713955717025   1783.987947371771
96   18.356513383988613   2.3707968076768244   1728.3108727964052
97   11.898276364838216   2.2980730746476183   1675.2952714181133
98   6.008271945426252   2.2287901840408737   1624.7880441657971
99   1.8888258978984382   2.1627524223877237   1576.6465159206505
100   0.09203282248906555   2.0997772666267425   1530.737627370895
101   0.4931610208413529   2.039694371847436   1486.937197076781
102   2.454245318508548   1.9823446461118992   1445.1292470155745
103   5.0887779995183005   1.9275794040886374   1405.2053855806168
104   7.531337282318709   1.8752595920893296   1367.0642426331215
105   9.140241307255545   1.8252550778599963   1330.6109517599373
106   9.59954632105939   1.777443999154251   1295.756675383449
107   8.922344664299768   1.7317121657180026   1262.418168808424
108   7.380460974766693   1.68795250985116   1230.5173796814956
109   5.394344734341382   1.64606458119004   1199.981079687539
110   3.4148360858470213   1.6059540817812008   1170.7405256184952
111   1.820977226592175   1.5675324378990405   1142.7311472284002
112   0.8494149642933869   1.5307164054010889   1115.8922595373936
113   0.5631150516925261   1.495427705720804   1090.1667974704665
114   0.8601882727409832   1.4615926898720362   1065.5010709167145
115   1.5171835738018913   1.4291420280854812   1041.8445384743159
116   2.2553564757284392   1.3980104229187238   1019.1495983077498
117   2.8141489573479452   1.3681363438803393   997.3713946887675
118   3.014785576778372   1.3394617817876473   976.4676389231947
119   2.7994244776650072   1.3119320212390364   956.3984434832577
120   2.2375132524741947   1.2854954297273007   937.1261682712021
121   1.499430385202086   1.2601032620517498   918.6152780357257
122   0.8058340300066358   1.235709478805556   900.8322100492503
123   0.36702056763769025   1.2122705778220488   883.7452512322735
124   0.3284002493304157   1.189745437560828   867.3244239818437
125   0.7355890123090566   1.1680951715024914   851.5413800253161
126   1.5265891769084274   1.147282992700499   836.3693016786636
127   2.551016391734684   1.1272740877110856   821.7828099413814
128   3.609517698108575   1.1080354991877688   807.7578789078834
129   4.502180372652036   1.0895360164867303   794.2717560188264
130   5.07371365571474   1.0717460736836124   781.3028877153534
131   5.245318557256844   1.0546376544517053   768.8308500952932
132   5.027436347010721   1.0381842032964828   756.8362842031358
133   4.5125720588434985   1.0223605426824791   745.3008356155273
134   3.8517840086338535   1.0071427956259358   734.2070980113073
135   3.2213031497857325   0.9925083133607869   723.5385604400137
136   2.7867691389456026   0.9784356077167757   713.2795580255296
137   2.6719392198032454   0.9649042878770305   703.4152258623553
138   2.9369615326009417   0.9518950012085327   693.9314558810204
139   3.5690135436013524   0.9393893778827994   684.8148564765609
140   4.485800544382421   0.9273699790260128   676.0527147099633
141   5.550421557850863   0.9158202481579009   667.6329609071097
142   6.5946061409527585   0.9047244656970899   659.5441354931785
143   7.446366821443238   0.8940677063275632   651.7753579127935
144   7.957718650053232   0.8838357990363996   644.3162974975353
145   8.028297750820572   0.874015289647245   637.1571461528415
146   7.6214483382021605   0.8645934056871264   630.2885927459151
147   6.770566796253944   0.8555580234363019   623.7017990850642
148   5.575030401503476   0.8468976370220089   617.3883773890445
149   4.186653987653999   0.8386013294272455   611.3403691524619
150   2.7890281408804958   0.8306587452952001   605.550225320201
151   1.573043656724862   0.8230600654187336   600.0107876902567
152   0.712241334081896   0.8157959828123783   594.7152714702237
153   0.3413246487833124   0.8088576802718341   589.6572489181672
154   0.5403570490834871   0.8022368093328756   584.8306340036663
155   1.3260596822063477   0.795925470547985   580.2296680294812
156   2.650491406869332   0.7899161950050109   575.848906158653
157   4.406461225341023   0.7842019270176598   571.6832047958741
158   6.438437139622304   0.7787760079227775   567.7277097757049
159   8.557504091957213   0.7736321609241544   563.9778453137086
160   10.55900637456555   0.7687644769270287   560.4293036798039
161   12.241727995567146   0.7641674013116233   557.0780355561734
162   13.427632483060675   0.7598357215979114   553.9202410448772
163   13.981148961238034   0.755764555957434   550.9523612929694
164   13.826690392386402   0.7519493425313698   548.1710707053686
165   12.962585925031213   0.7483858295172461   545.5732697180724
166   11.46909814781195   0.7450700659896468   543.1560781064526
167   9.507968463356004   0.7419983934230956   540.9168288054367
168   7.3112936701989835   0.7391674378879175   538.8530622202918
169   5.1586899857159105   0.7365741028924015   536.9625210085608
170   3.3436451034186945   0.734215562846934   535.243145315415
171   2.132417012789447   0.7320892571280321   533.6930684463352
172   1.7212691873962975   0.7301928847223338   532.3106129625813
173   2.199538883280965   0.7285243994326437   531.0942871863972
174   3.526355954995703   0.727082005630095   530.0427821043394
175   5.527355796206448   0.725864154538348   529.1549686584557
176   7.914489886944539   0.7248695410375677   528.4298954163868
177   10.327566909106972   0.724097100977675   527.8667866127252
178   12.391419820508357   0.7235460089920466   527.465040555202
179   13.778753442441063   0.7232156768045246   527.2242283904984
