0   1.2191228683433732   -0.02431292820069597
1   -1.3031832239372552   -1.0982645606594479
2   -0.5811153908791207   -1.843182045146797
3   0.044182219731308744   -2.3943875452743586
4   0.30172193991681473   -2.8264122027195433
5   0.8729153592287904   -3.179788188553768
6   0.8681695919427326   -3.4780041213290853
7   1.3111744957828684   -3.7356204074975086
8   1.5371695121487141   -3.962198667544519
9   1.488574174036752   -4.164322116678429
10   -1.3447608518874765   -4.346702230877721
11   -1.1913780006015853   -4.512820356486776
12   -1.0973894561259592   -4.665318380138915
13   -1.5409125127681353   -4.806246789732422
14   -1.4958466621845758   -4.937227948767809
15   -1.1887471645793966   -5.0595669474089595
16   -1.0629003901483225   -5.174328915785373
17   -0.8499223085968463   -5.2823942314881895
18   -0.45864426397439423   -5.384498768519222
19   -0.10682444575201794   -5.48126378579847
20   0.04054431200521783   -5.573218489623053
21   0.14423623051396878   -5.660817318655746
22   0.43951793580901777   -5.74445336307882
23   0.8550307729907117   -5.82446890879598
24   1.299519592463148   -5.901163813988045
25   -1.4151342339929653   -5.974802230682186
26   -1.0303081440672928   -6.045618048144192
27   -0.702548146366967   -6.113819338628209
28   -0.4412409084013747   -6.179592016824101
29   -0.2501493960463379   -6.243102873962568
30   -0.125463657483409   -6.304502110413954
31   -0.05488954247005049   -6.3639254629542545
32   -0.020876568708155116   -6.421496002045028
33   -0.006950921852491199   -6.477325658641512
34   -0.002050674505566687   -6.531516527898335
35   -0.0005426962413865288   -6.584161987746818
36   -0.00013015922263537663   -6.635347662991757
37   -2.8520153826770957e-05   -6.685152259819944
38   -5.745940000819864e-06   -6.7336482910592546
39   -1.0699634626062951e-06   -6.780902708900602
40   -1.8496297959457466e-07   -6.8269774588886705
