0   7.181827950882866e+18   7.181824891281306e+18   2.5854569608612702e+20
1   4436859.432193289   7153533.166415283   257527193.99095026
2   522204.7396464018   448058.52224614896   16130106.800861366
3   2092.8816360027463   88586.88025382052   3189127.689137539
4   98760.45897099873   28048.75443134689   1009755.1595284878
5   62722.01961868289   11496.320764982183   413867.5475393585
6   19885.856826696483   5547.973831901895   199727.05794846822
7   28824.27771222302   2996.92132963841   107889.16786698275
8   13622.866160967205   1758.2047332090513   63295.37039552585
9   1416.9617336772085   1098.6478089757836   39551.3211231282
10   1246.1889683343759   721.5509425641636   25975.833932309888
11   36.38491394785797   493.3730020484479   17761.428073744122
12   1708.9364477850309   348.77215742970645   12555.797667469431
13   1937.5009680729256   253.54568503336225   9127.64466120104
14   710.2933257204757   188.7656434027703   6795.56316249973
15   680.1390388535284   143.45592128602047   5164.413166296737
16   161.7145787835923   110.99290539959549   3995.744594385438
17   89.21120546914163   87.23977148120112   3140.6317733232404
18   332.846273260556   69.53425757583715   2503.2332727301373
19   225.8940135484058   56.11730358569714   2020.2229290850973
20   286.8839236101404   45.799148805608475   1648.7693570019053
21   163.04925625878815   37.75811745788899   1359.2922284840038
22   1.4130216525621806   31.416003125974047   1130.9761125350653
23   54.52155415934967   26.358977019397624   948.9231726983145
24   68.11455373419436   22.286267499868828   802.3056299952777
25   101.96085717666335   18.976185510491813   683.1426783777052
26   101.37149680608499   16.263218790974985   585.4758764750994
27   19.848160434555133   14.02232866710862   504.8038320159104
28   4.692965217569591   12.158018255462117   437.68865719663614
29   21.74260657180354   10.596613976600295   381.47810315761063
30   32.81040221687014   9.280744172841302   334.10679022228686
31   49.7345666796889   8.165341258235273   293.9522852964699
32   27.963835099610787   7.214714198997618   259.72971116391426
33   0.9606540611981396   6.400382122163972   230.41375639790297
34   6.519887958919286   5.699455342608065   205.18039233389035
35   11.94246037638039   5.093414299936612   183.36291479771796
36   19.686126283791925   4.56718061862953   164.41850227066308
37   23.927278113950045   4.108404640358182   147.90256705289457
38   6.860336414206566   3.7069147845573256   133.44893224406374
39   0.6298766977161316   3.354288893632273   120.75440017076184
40   5.821753452493177   3.043518251520669   109.56665705474407
41   6.432839541942482   2.7687425306735665   99.67473110424841
42   13.761828732821435   2.525039406951298   90.90141865024674
43   11.628572227233743   2.3082565911109176   83.09723727999305
44   0.8100657621945065   2.1148769799605867   76.13557127858112
45   2.150567851729491   1.9419098240546553   69.9087536659676
46   3.0804823471650162   1.7868024496818202   64.32488818854553
47   4.470980269168299   1.6473683087261406   59.305259114141066
48   10.044075582307817   1.521728066897287   54.782210408302326
49   4.911575283555631   1.4082611556116231   50.69740160201843
50   0.037975414352561285   1.305565761411202   47.00036741080327
51   2.184657686405937   1.2124256502956718   43.64732341064419
52   1.2535624914052361   1.1277825530515697   40.600171909856506
53   3.8929216458447162   1.0507130941553788   37.825671389593644
54   6.856485672913628   0.9804094479824663   35.29474012736879
55   2.014997218688402   0.9161630645799123   32.981870324876844
56   0.3083584447433972   0.8573509327759614   30.86463357993461
57   1.639229238949891   0.8034239482234224   28.92326213604321
58   0.5659880547035138   0.7538970337106915   27.140293213584894
59   3.1498522520003616   0.7083407230298588   25.50026602907491
60   4.759774146743953   0.6663739711958628   23.989462963051064
61   1.107166373281833   0.6276579954484119   22.595687836142837
62   0.36966877869091935   0.5918909852554184   21.30807546919506
63   1.2358037202487075   0.558803547052114   20.1169276938761
64   0.28295275948388043   0.5281547719360558   19.013571789698005
65   2.148446480298361   0.49972883297609777   17.990237987139515
66   3.559619814932314   0.4733320339611661   17.03995322260198
67   1.012231162574745   0.4487902439316409   16.156448781539076
68   0.1893144841532098   0.4259466621971702   15.334079839098129
69   0.9626658381878254   0.40465986714644964   14.567755217272184
70   0.21356352766145634   0.3848021093162347   13.852875935384448
71   1.0501604045469135   0.366257815166112   13.18528134598003
72   2.611551644141229   0.3489222730111661   12.561201828401977
73   1.2985527943153767   0.3327004767660851   11.977217163579063
74   0.030420056597204627   0.3175061066896488   11.430219840827355
75   0.5915345213986365   0.3032606293008839   10.91738265483182
76   0.4028373789607731   0.2898925011599516   10.43613004175826
77   0.22268239534507803   0.27733646334423545   9.984112680392476
78   1.3811332431525474   0.2655329152657469   9.55918494956689
79   1.55144957910249   0.2544273580217556   9.159384888783201
80   0.3561002040094013   0.24396989878941225   8.782916356418841
81   0.08354603948777031   0.23411480890270878   8.428133120497515
82   0.49230954381162095   0.22482012921616143   8.093524651781811
83   0.25332971955989136   0.2160473171888707   7.777703418799348
84   0.22604102679616808   0.20776093083585148   7.479393510090655
85   0.9456401162467398   0.1999283453081434   7.197420431093164
86   1.061317831449967   0.1925194983938148   6.930701942177332
87   0.29891162716037795   0.18550666169085844   6.678239820870904
88   0.057577041387078365   0.17886423460055373   6.4391124456199345
89   0.4539524850554417   0.17256855863490805   6.21246811085669
90   0.3630164563926972   0.16659774983172973   5.99751899394227
91   0.07042541384003907   0.16093154733206297   5.7935357039542685
92   0.5089032256548911   0.15555117640248556   5.59984235048948
93   0.966143653034347   0.1504392243837287   5.415812077814233
94   0.5341105952426283   0.14557952822113135   5.24086301596073
95   0.04188227630718221   0.14095707238493008   5.074454605857483
96   0.26338782320957277   0.1365578961221851   4.916084260398664
97   0.46158628236315025   0.13236900909970284   4.7652843275893035
98   0.1695369730354937   0.12837831460075436   4.621619325627157
99   0.08410759803158424   0.12457453952953294   4.484683423063185
100   0.45898832470187356   0.12094717055770038   4.3540981400772125
101   0.6176726670119231   0.11748639581841232   4.229510249462844
102   0.2966909833252661   0.11418305161604543   4.110589858177636
103   0.017965795370492154   0.11102857367550555   3.9970286523181997
104   0.12526108793463997   0.10801495250434542   3.8885382901564345
105   0.3410450612741423   0.1051346924847358   3.7848489294504892
106   0.2977267165531575   0.10238077435128488   3.6857078766462554
107   0.08537930133684572   0.09974662074535699   3.590878346832852
108   0.08716017096035107   0.09722606456742681   3.5001383244273656
109   0.3446178729120114   0.0948133198765463   3.413279515555667
110   0.4500798592157769   0.09250295511059721   3.330106383981499
111   0.2218947615341085   0.09028986842298475   3.250435263227451
112   0.021728298229499506   0.08816926495110274   3.174093538239698
113   0.14184066511714355   0.08613663584951833   3.10091889058266
114   0.3512339409647505   0.08418773893662933   3.030758601718656
115   0.3279782549949749   0.08231858081772372   2.963468909438054
116   0.1348322215225152   0.08052540036011852   2.8989144129642654
117   0.028941465897280888   0.07880465340750754   2.8369675226702724
118   0.09603884612688042   0.0771529986309685   2.777507950714866
119   0.22769288812995261   0.07556728442336853   2.7204222392412665
120   0.2760052407191437   0.07404453675229253   2.665603323082531
121   0.1779202514205381   0.07258194789418079   2.612950124190509
122   0.03402019475869663   0.07117686597920003   2.562367175251201
123   0.0260631914066485   0.06982678528255001   2.5137642701718006
124   0.1832466585243776   0.06852933720350371   2.4670561393261337
125   0.32385295513817874   0.0672822818785435   2.4221621476275663
126   0.29239509120179735   0.06608350037954874   2.379006013663755
127   0.14279815502876214   0.06493098745215853   2.3375155482777075
128   0.027760533184448325   0.0638228447532155   2.297622411115758
129   0.01823403007047942   0.06275727454963566   2.259261883786884
130   0.09152743158634191   0.0617325738441761   2.222372658390339
131   0.19812964449514006   0.06074712889641824   2.186896640271057
132   0.27353425318733254   0.05979941010987741   2.152778763955587
133   0.2542760984780131   0.05888796725851081   2.119966821306389
134   0.14552803877239734   0.058011425028053926   2.088411301009941
135   0.0361562390329188   0.057168478849581345   2.0580652385849283
136   0.008148605271553262   0.056357891004486294   2.0288840761615066
137   0.05927737865871571   0.055578486981716975   2.0008255313418113
138   0.13573083222804044   0.05482915206961151   1.9738494745060147
139   0.20197559809329216   0.05410882816604927   1.9479178139777737
140   0.24744429496448217   0.05341651079189836   1.9229943885083407
141   0.25635838932443655   0.05275124629389511   1.899044866580224
142   0.21394059576278127   0.05211212922415238   1.8760366520694856
143   0.13654634600154672   0.051498299884467635   1.8539387958408349
144   0.06606019671325208   0.05090894202449662   1.8327219128818784
145   0.030160529873844443   0.0503432806836813   1.812358104612527
146   0.02250278216823661   0.0498005801675785   1.792820886032826
147   0.02273629817589117   0.049280142149931   1.7740851173975165
148   0.02260097816560561   0.04878130389246774   1.7561269401288386
149   0.02700017311373577   0.048303436575009344   1.7389237167003364
150   0.03812253329770759   0.04784594372900356   1.7224539742441278
151   0.04818188160967666   0.04740825976811907   1.7066973516522868
152   0.04865274591540457   0.046989848609992994   1.691634549959748
153   0.04160783268419834   0.04659020238365765   1.6772472858116758
154   0.03814089983989619   0.04620884021757364   1.663518247832651
155   0.045672105955671644   0.045845307103563944   1.650431055728302
156   0.05910543369633475   0.04549917283228865   1.6379702219623913
157   0.06667077890219765   0.04517003099621722   1.6261211158638198
158   0.0640491531138666   0.044857498056351995   1.614869930028672
159   0.05930290863133034   0.0445612124692313   1.604203648892327
160   0.06239633512974445   0.04428083387099687   1.594110019355887
161   0.07360578299464948   0.04401604231554951   1.584577523359782
162   0.08460635288288698   0.04376653756403969   1.5755953523054291
163   0.08746613028651012   0.0435320384231482   1.567153383233335
164   0.08150049937754658   0.04331228212980691   1.5592421566730486
165   0.07498222939616778   0.04310702378019338   1.5518528560869622
166   0.07810224328982449   0.042916035801003664   1.5449772888361322
167   0.08955469185015447   0.042739107461170316   1.5386078686021314
168   0.09513260040703492   0.04257604442234406   1.5327375992043863
169   0.08481151492388776   0.04242666832660232   1.527360059757684
170   0.06465535934466518   0.042290816419983404   1.5224693911194023
171   0.04849876667658635   0.04216834121057467   1.5180602835806876
172   0.04573232999944196   0.042059110160006435   1.5141279657602318
173   0.05793224047667373   0.04196300540732029   1.5106681946635305
174   0.07771973075582893   0.04187992352429349   1.5076772468745656
175   0.08967817571518623   0.04180977530140884   1.5051519108507185
176   0.08135454286493823   0.041752485563763916   1.5030894802955008
177   0.05659065797664369   0.0417079930163141   1.5014877485873075
178   0.03236758701918626   0.04167625011794189   1.5003450042459079
179   0.02025369919128871   0.04165722298394062   1.4996600274218623
