0   7.181824827569597e+20   7.181824891281308e+20   2.5854569608612705e+22
1   711504412.235431   715353316.6415288   25752719399.095036
2   46416613.81074221   44805852.224614926   1613010680.0861375
3   8247977.341175889   8858688.025382053   318912768.9137539
4   2925605.1245723115   2804875.4431346892   100975515.95284884
5   1206045.795695835   1149632.0764982188   41386754.75393588
6   592475.2034463842   554797.3831901897   19972705.794846836
7   362312.51742326305   299692.1329638411   10788916.78669828
8   211809.92063851212   175820.47332090518   6329537.039552587
9   102665.43553639871   109864.78089757838   3955132.112312821
10   45092.585404567864   72155.09425641637   2597583.3932309896
11   26451.806781418447   49337.30020484481   1776142.8073744134
12   23229.024514276287   34877.21574297065   1255579.7667469438
13   19963.332189058572   25354.56850333623   912764.4661201044
14   13174.283817945354   18876.564340277037   679556.3162499731
15   5841.960463057006   14345.592128602048   516441.3166296738
16   1241.1994141570055   11099.290539959547   399574.45943854377
17   144.7803378497436   8723.977148120117   314063.1773323241
18   1168.9016645398353   6953.425757583719   250323.32727301389
19   2395.733961450951   5611.730358569716   202022.29290850976
20   2673.822713658216   4579.91488056085   164876.9357001906
21   1962.9279671331335   3775.8117457889016   135929.22284840044
22   912.0207170406112   3141.600312597405   113097.61125350659
23   205.38168406046657   2635.897701939764   94892.3172698315
24   128.59364012350122   2228.626749986883   80230.5629995278
25   517.3229052064975   1897.6185510491814   68314.26783777055
26   984.6072029461595   1626.3218790974993   58547.587647509965
27   1205.827316601222   1402.2328667108627   50480.38320159105
28   1082.2892649784098   1215.801825546212   43768.865719663634
29   729.307467409321   1059.66139766003   38147.81031576107
30   349.31459112872636   928.0744172841306   33410.6790222287
31   96.08926429402034   816.5341258235278   29395.228529647
32   8.796512305379892   721.4714198997623   25972.97111639144
33   31.151551128302557   640.0382122163974   23041.3756397903
34   77.80308847690415   569.9455342608065   20518.039233389038
35   94.33830083661174   509.3414299936612   18336.291479771808
36   77.50790022869145   456.7180618629532   16441.850227066316
37   56.43816618396269   410.84046403581823   14790.256705289457
38   59.512533164532186   370.69147845573275   13344.893224406376
39   93.50525704431232   335.4288893632274   12075.440017076187
40   145.98340156889873   304.35182515206697   10956.665705474412
41   203.11838617627012   276.87425306735685   9967.473110424842
42   265.76032765167713   252.5039406951299   9090.141865024676
43   350.9240042295097   230.82565911109188   8309.723727999306
44   478.25432727844014   211.48769799605876   7613.557127858115
45   651.990783470038   194.19098240546563   6990.875366596761
46   851.4869899097115   178.6802449681821   6432.488818854555
47   1036.994486230338   164.73683087261415   5930.525911414109
48   1167.3543125082695   152.17280668972873   5478.221040830234
49   1219.1476947189512   140.82611556116237   5069.740160201845
50   1196.660552963188   130.55657614112027   4700.03674108033
51   1127.9719078633427   121.24256502956727   4364.732341064421
52   1050.3668721219021   112.77825530515702   4060.017190985653
53   993.4229683669516   105.07130941553793   3782.567138959365
54   968.125237062366   98.04094479824666   3529.47401273688
55   966.063207769822   91.61630645799124   3298.1870324876854
56   967.1719582703322   85.73509327759615   3086.463357993462
57   950.7404070072189   80.34239482234227   2892.3262136043213
58   904.0579858899509   75.38970337106917   2714.0293213584896
59   825.5441497203957   70.8340723029859   2550.026602907492
60   722.593910819812   66.63739711958631   2398.946296305107
61   606.7376606668618   62.76579954484123   2259.568783614284
62   489.1265115291931   59.18909852554186   2130.807546919507
63   378.14608567413103   55.88035470521141   2011.692769387611
64   279.2312224715885   52.815477193605574   1901.3571789698008
65   195.78144010744893   49.97288329760979   1799.0237987139524
66   129.93696154144754   47.33320339611661   1703.995322260198
67   82.63130971508876   44.879024393164116   1615.6448781539084
68   53.15977103333895   42.594666219717034   1533.4079839098133
69   38.930366615157844   40.46598671464496   1456.7755217272183
70   35.90887142232238   38.48021093162348   1385.2875935384457
71   39.745442760601996   36.625781516611205   1318.5281345980036
72   47.07772048802149   34.89222730111662   1256.120182840198
73   56.35599105054218   33.27004767660852   1197.7217163579066
74   67.78826443901826   31.75061066896489   1143.021984082736
75   82.47167986626246   30.32606293008841   1091.7382654831824
76   101.17891136619924   28.989250115995162   1043.6130041758258
77   123.39740023573412   27.73364633442355   998.4112680392478
78   147.04282865454442   26.5532915265747   955.9184949566894
79   168.91512535262754   25.44273580217557   915.9384888783205
80   185.6313563611949   24.39698987894124   878.2916356418847
81   194.60691037713568   23.41148089027088   842.8133120497517
82   194.70615339453224   22.482012921616146   809.3524651781812
83   186.38133368295152   21.60473171888708   777.7703418799349
84   171.34649108198576   20.77609308358516   747.9393510090657
85   151.98811785177713   19.992834530814353   719.7420431093166
86   130.75164903273557   19.25194983938149   693.0701942177335
87   109.68123390569862   18.55066616908585   667.8239820870906
88   90.18511857453619   17.886423460055383   643.9112445619936
89   73.00681975995143   17.25685586349081   621.2468110856693
90   58.3343905092218   16.659774983172976   599.7518993942273
91   45.97621627529615   16.0931547332063   579.3535703954268
92   35.551805148621185   15.55511764024856   559.984235048948
93   26.667472875466956   15.043922438372872   541.5812077814234
94   19.057416630023337   14.557952822113142   524.0863015960731
95   12.671814197513866   14.095707238493011   507.4454605857485
96   7.694757086202631   13.655789612218518   491.6084260398667
97   4.484301937991726   13.236900909970286   476.52843275893036
98   3.445764004312408   12.837831460075446   462.161932562716
99   4.871032238811177   12.457453952953296   448.4683423063187
100   8.791006416453872   12.094717055770039   435.4098140077214
101   14.887524689175013   11.748639581841237   422.9510249462846
102   22.494348066405426   11.418305161604545   411.05898581776364
103   30.689781525138702   11.102857367550559   399.7028652318201
104   38.45620474448886   10.801495250434545   388.85382901564367
105   44.86362924830986   10.513469248473587   378.484892945049
106   49.230580443115606   10.238077435128494   368.5707876646258
107   51.225663351322844   9.974662074535702   359.0878346832853
108   50.892149124710386   9.722606456742687   350.01383244273666
109   48.59876737856015   9.481331987654633   341.3279515555668
110   44.93634230785238   9.250295511059722   333.01063839815004
111   40.58851588990034   9.028986842298476   325.0435263227452
112   36.205165804020005   8.816926495110275   317.40935382396987
113   32.30116658457235   8.613663584951839   310.0918890582662
114   29.193990490955134   8.418773893662932   303.0758601718655
115   26.98421727156881   8.231858081772373   296.3468909438055
116   25.575148266871846   8.052540036011854   289.89144129642676
117   24.72225649379389   7.880465340750758   283.69675226702736
118   24.100288633675458   7.715299863096852   277.7507950714867
119   23.37508472321017   7.556728442336853   272.0422239241268
120   22.26816107717176   7.404453675229255   266.5603323082532
121   20.604532840718257   7.258194789418085   261.29501241905103
122   18.337779606904544   7.117686597920004   256.23671752512024
123   15.55048280837148   6.982678528255003   251.37642701718008
124   12.432326827997187   6.852933720350372   246.70561393261343
125   9.241693510165785   6.728228187854354   242.21621476275675
126   6.258853963212515   6.608350037954878   237.9006013663756
127   3.7395237015663456   6.493098745215855   233.75155482777083
128   1.8765863770823064   6.382284475321552   229.76224111157592
129   0.7755046975864535   6.27572745496357   225.92618837868847
130   0.44591624320866385   6.173257384417611   222.237265839034
131   0.8088470982733859   6.074712889641826   218.68966402710578
132   1.716437423660854   5.979941010987743   215.27787639555874
133   2.979455105186189   5.888796725851082   211.99668213063893
134   4.397334587868538   5.801142502805395   208.8411301009942
135   5.7859012018758875   5.716847884958138   205.8065238584929
136   6.999061406254099   5.635789100448629   202.8884076161507
137   7.942245506635385   5.5578486981717   200.0825531341812
138   8.576945929121687   5.482915206961151   197.3849474506015
139   8.917042226832379   5.410882816604927   194.79178139777738
140   9.018618913824593   5.3416510791898375   192.29943885083418
141   8.965591523129971   5.275124629389513   189.90448665802245
142   8.85363956253215   5.211212922415241   187.60366520694865
143   8.774786500682838   5.149829988446767   185.3938795840836
144   8.804562982571353   5.090894202449663   183.27219128818788
145   8.993090088662983   5.034328068368133   181.23581046125278
146   9.36072133611981   4.980058016757852   179.28208860328263
147   9.898217033248125   4.9280142149931025   177.40851173975165
148   10.57084996282795   4.878130389246774   175.61269401288388
149   11.325388625690106   4.8303436575009355   173.89237167003373
150   12.098652075111586   4.784594372900357   172.24539742441286
151   12.826310112280137   4.740825976811908   170.6697351652287
152   13.450755174506877   4.6989848609993015   169.16345499597486
153   13.927154159011478   4.659020238365766   167.72472858116762
154   14.227179491721762   4.620884021757366   166.35182478326516
155   14.340335001551344   4.584530710356397   165.04310557283029
156   14.273134790613174   4.549917283228866   163.79702219623917
157   14.046639206903887   4.5170030996217205   162.61211158638199
158   13.69299727005904   4.4857498056352005   161.48699300286728
159   13.251653701381723   4.456121246923131   160.42036488923276
160   12.76576015755313   4.428083387099687   159.41100193558876
161   12.27915424144358   4.401604231554951   158.45775233597823
162   11.834076029712511   4.37665375640397   157.55953523054296
163   11.469591388549185   4.353203842314822   156.71533832333353
164   11.220534293355616   4.331228212980693   155.92421566730494
165   11.116712124883085   4.31070237801934   155.18528560869623
166   11.182122891925113   4.291603580100368   154.49772888361323
167   11.43399331349535   4.273910746117034   153.86078686021318
168   11.881567067731998   4.257604442234408   153.27375992043866
169   12.524722614523936   4.242666832660236   152.73600597576848
170   13.352628009010155   4.22908164199834   152.24693911194026
171   14.342730456238321   4.216834121057467   151.8060283580688
172   15.460418647192247   4.205911016000645   151.4127965760232
173   16.659657079160468   4.196300540732031   151.0668194663531
174   17.88478160331766   4.187992352429351   150.7677246874566
175   19.07349505152836   4.180977530140886   150.51519108507188
176   20.16091702830182   4.175248556376394   150.30894802955015
177   21.084350894673506   4.170799301631411   150.1487748587308
178   21.78829453933163   4.167625011794191   150.03450042459085
179   22.229152386130018   4.165722298394064   149.9660027421863
