0   1.2468079212474166e+20   1.246807942913628e+20   9.089229903840349e+22
1   123724028.23786682   124189632.95262693   90534242422.46507
2   8512869.590967143   7778565.098472821   5670573956.786686
3   1357125.426185889   1537921.4560423014   1121144741.4548378
4   371041.4352639281   486943.22603565856   354981611.7799952
5   149381.35218962247   199583.03441042817   145496032.08520213
6   59042.987823748925   96316.1584333496   70214479.49791186
7   19759.114246922552   52028.35455674552   37928670.47186749
8   8097.916087246291   30523.490335926057   22251624.454890095
9   6773.805772165718   19073.185930202693   13904352.543117767
10   5998.168754993193   12526.557804242295   9131860.639292633
11   3522.039488942847   8565.251688605287   6244068.480993253
12   984.8653009243475   6054.894163158838   4414017.844942794
13   146.69183345397735   4401.705399067086   3208843.235919905
14   1138.7522218229362   3277.0849624793073   2388994.937647415
15   2785.096809304601   2490.480968625954   1815560.6261283206
16   3836.6235585786035   1926.9035120485514   1404712.660283394
17   3880.4841423980183   1514.5348385307898   1104095.8972889457
18   3373.0117984472063   1207.15648129216   880017.0748619844
19   3036.7119774917333   974.2301003535016   710213.7431577028
20   3236.372736912793   795.1007351744021   579628.4359421391
21   3788.8697551333585   655.5036006671935   477862.1248863841
22   4227.873194939809   545.4006861071707   397597.1001721274
23   4212.964802733115   457.6076751016329   333595.99514909036
24   3748.99876470811   386.90299133396   282052.2806824569
25   3103.6348626857707   329.43797960608003   240160.2871328324
26   2557.835254518822   282.3392476548137   205825.31154035917
27   2211.7349123855365   243.43604898416487   177464.8797094562
28   1972.6116153836942   211.0705003320486   153870.39474206345
29   1687.3362113436842   183.96358410317185   134109.45281121228
30   1285.3600128229264   161.11929385657126   117455.96522144043
31   823.7523575500308   141.75522922770372   103339.562106996
32   424.5657267420152   125.25177243018392   91308.54210160411
33   176.46199187629728   111.11447840066602   81002.45475408554
34   81.32948521693919   98.94596845534409   72131.61100394583
35   74.01539543222589   88.42473190094489   64461.62955578884
36   83.04560378823108   79.28899908074118   57801.68032986033
37   78.36694571133832   71.32437250761075   51995.467558048236
38   75.13842741237474   64.35426743279253   46914.26095850576
39   102.40032207683643   58.23247014118647   42451.47073292493
40   168.8426111959995   52.83730511175914   38518.395426472416
41   252.0581021147245   48.06703353791598   35040.867449140744
42   314.25444084158215   43.8362009157135   31956.590467555143
43   327.69556920226495   40.072721009581365   29213.01361598481
44   290.16529676304293   36.71553479535766   26765.62486581573
45   222.17016604936688   33.71272106609923   24576.57365718634
46   151.6596316943781   31.01996387276663   22613.553663246872
47   98.48928030609646   28.599303426590478   20848.892197984456
48   67.63337750186733   26.41811335535977   19258.804636057266
49   52.30838429046133   24.448259614974265   17822.78125931624
50   42.14286847249724   22.665405881723636   16523.08088777653
51   30.383517731900458   21.048437602760462   15344.311012412374
52   16.738235830466444   19.578982588828353   14273.078307255868
53   5.856844991417656   18.24101048616013   13297.696644410733
54   3.4892252903188012   17.020496956644955   12407.942281394173
55   12.681208907014552   15.90514114746861   11594.847896504618
56   31.692371748644806   14.884127210441711   10850.528736412005
57   54.35369111875375   13.947922364245715   10168.035403535127
58   72.59443190173428   13.088105377097472   9541.22881990406
59   79.96740973848668   12.297220457643952   8964.673713622442
60   74.48376497494719   11.568652436047758   8433.547625878815
61   59.31338884612878   10.89651984008076   7943.562963418876
62   40.96912666346225   10.27558305760595   7490.900048994736
63   25.960760369964095   9.701165254512121   7072.149470539337
64   17.755534975358863   9.169084107536989   6684.262314394464
65   15.65693511151898   8.675592731506931   6324.507101268554
66   16.042784068121186   8.217328443842858   5990.432435561442
67   15.0315580710449   7.7912682264839335   5679.834537106789
68   10.917040402515582   7.394689925254237   5390.728955510339
69   5.013913619147417   7.025138376028455   5121.3258761247425
70   0.6114057253137372   6.680395771384553   4870.008517339341
71   0.8370667400212867   6.358455685235018   4635.314194536329
72   6.745785409240857   6.057500259828587   4415.9176894150405
73   16.662912262287346   5.775880132453344   4210.616616558487
74   27.00471748878117   5.5120967405487535   4018.318523860041
75   33.99638021788887   5.264786695709443   3838.0295011721846
76   35.33341440414683   5.032707960843103   3668.8441034546217
77   31.003023438773226   4.814727601851562   3509.9364217497896
78   23.00729964249228   4.6098109167248   3360.5521582923798
79   14.28168188647509   4.417011771773495   3220.001581622878
80   7.411101138307332   4.235463997621975   3087.653254266419
81   3.7216536800731537   4.064373717158766   2962.9284398087398
82   3.0522303776535384   3.903012494413084   2845.2961084271383
83   4.164213375564072   3.750711207722109   2734.2684704294174
84   5.492757117077891   3.606854562936214   2629.3969763805
85   5.865823839082653   3.4708761730794477   2530.2687301749174
86   4.908735395787589   3.342254140094068   2436.5032681285757
87   3.0378929287201006   3.22050708226456   2347.7496629708644
88   1.1323639966049457   3.105190557818655   2263.6839166498
89   0.08238930224389825   2.995893841192958   2184.006610229667
90   0.42091138152332397   2.8922370136579563   2108.4407829566503
91   2.1665251276912794   2.793868334531317   2036.7300158733303
92   4.893026358867205   2.700461863162703   1968.636698245611
93   7.946209276114694   2.611715305327285   1903.940457583591
94   10.688422859378912   2.527348060686874   1842.4367362407313
95   12.670867171444897   2.4470994506248287   1783.9354995055003
96   13.690754799654194   2.370727108083783   1728.2600617930775
97   13.751130331816459   2.2980055130760966   1675.2460190324746
98   12.976987083444234   2.228724659332767   1624.7402766535877
99   11.541896096685914   2.1626888391387484   1576.6001637321476
100   9.63343019537326   2.099715534798654   1530.692624868219
101   7.4529551046451985   2.0396344064099985   1486.8934822728888
102   5.224542385103422   1.9822863667120556   1445.0867613330886
103   3.187317643955399   1.927522734744565   1405.1640736287882
104   1.561551100360089   1.875204460907276   1367.0240520014045
105   0.4993095078749631   1.825201416771997   1330.571832826786
106   0.04323033502409537   1.7773917436749984   1295.718581139074
107   0.11564518650972218   1.7316612547192936   1262.381054690365
108   0.5467489058529162   1.6879028853524978   1230.4812034219706
109   1.132622998601415   1.6460161881640925   1199.9458011716238
110   1.7007523706475407   1.6059068679729223   1170.7061067522604
111   2.158035949791858   1.5674863536573844   1142.697551816233
112   2.504517038408241   1.530671403522322   1115.8594531677725
113   2.8106389747054954   1.4953837413025226   1090.134747409539
114   3.170080326680423   1.4615497201770593   1065.4697460090763
115   3.6484256429735633   1.42910001241487   1041.81390905044
116   4.247539757214244   1.397969322493234   1019.1196360975674
117   4.897699991506684   1.3680961217296739   997.3420727409325
118   5.478147349039024   1.3394224026469368   976.4389315296169
119   5.856391164743726   1.311893451452   956.3703261085078
120   5.930933967888667   1.285457637155613   937.098617486442
121   5.6624715657435045   1.2600662159901594   918.5882714568261
122   5.084120506678242   1.235673149902331   900.8057262787994
123   4.28924805754217   1.2122349380043898   883.7192698052003
124   3.4029653179184334   1.1897104599648767   867.2989253143952
125   2.547869602981897   1.1680608304076217   851.5163453671563
126   1.8151170901457716   1.1472492634675946   836.3447130678763
127   1.248788516009608   1.1272409467245166   821.7586501621727
128   0.8463057784699202   1.1080029238008273   807.7341314508033
129   0.5723239192061126   1.0895039849702763   794.2484050433313
130   0.3797524033442982   1.0717145651777218   781.2799180145591
131   0.23028577399559144   1.054606648920112   768.8082470627617
132   0.10806021321305628   1.038153681483631   756.8140338015672
133   0.023046851625205218   1.022330486073015   745.2789243472278
134   0.004387893261587641   1.0071131864064689   734.185512890316
135   0.08693156658146008   0.992479134383783   723.5172889657779
136   0.29592262940828024   0.9784068424664365   713.2585881580322
137   0.6348619202316815   0.9648759204370323   703.3945459985965
138   1.08016638305775   0.951867016231504   693.9110548327664
139   1.5840023515918475   0.9393617605614271   684.7947234492802
140   2.0842424018656747   0.9273427150656733   676.0328392828759
141   2.5185696973526897   0.9157933237507185   667.6133330142737
142   2.8387776208904807   0.9046978674973327   659.5247454055554
143   3.0214543720622857   0.8940414214282916   651.7561962212245
144   3.0723768787618346   0.8838098149472906   644.297355096575
145   3.0237044918795677   0.8739895942735191   637.1384142253953
146   2.9249660745571777   0.8645679873095042   630.2700627486286
147   2.8303738366799807   0.8555328706919315   623.683462734418
148   2.7857920448238063   0.846872738886303   617.3702266481148
149   2.8185701488644974   0.838576675196568   611.3223962182981
150   2.932501582610787   0.8306343245703554   605.5324226117891
151   3.1086977165890657   0.8230358680892016   599.993147837028
152   3.311607130808898   0.8157719990412581   594.6977873010771
153   3.498198668401703   0.8088339004814439   589.6399134509726
154   3.627768112480157   0.802213224190972   584.8134404352186
155   3.670013005068313   0.7959020709545618   580.2126097258755
156   3.6098089498767205   0.7898929720796423   575.8319766460593
157   3.448206639758869   0.7841788720873516   571.6663977516793
158   3.2001906863888054   0.7787531125102954   567.7110190200053
159   2.8904080258663547   0.7736094167367965   563.9612648011248
160   2.5482534535541426   0.7687418758458168   560.4128274916004
161   2.203444102626098   0.76414493538088   557.0616578926615
162   1.882712546303624   0.7598133830152022   553.9039562180825
163   1.6077351415987826   0.7557423370638469   550.9361637195443
164   1.394072864887675   0.7519272358021079   548.1549548997366
165   1.2508064852523437   0.7483638275525114   545.5572302857807
166   1.1806450082495508   0.7450481615057958   543.1401097377252
167   1.1804483842482416   0.7419765792440431   540.9009262689074
168   1.242202162942868   0.7391457069367688   538.8372203569045
169   1.3544451109724547   0.7365524481832967   536.9467347256233
170   1.5040031850369626   0.7341939774770828   535.2274095807933
171   1.6777180528719682   0.7320677342699249   533.6773782827753
172   1.8637856526178993   0.7301714176161092   532.2949634421436
173   2.0524059182067727   0.7285029813785967   531.0786734249969
174   2.2356731921166424   0.7270606299813105   530.0271992563753
175   2.406915567051142   0.7258428146934437   529.1394119115205
176   2.5598949323126474   0.7248482304335315   528.4143599860445
177   2.6883105964043765   0.7240758130827791   527.851267737346
178   2.78588787224317   0.7235247372988292   527.4495334908463
179   2.8470482627868767   0.723194414822818   527.2087284058342
