0   0.6557284808413071   -0.0243042870998047
1   0.15044805436354317   -1.0982528397741482
2   1.529434975566795   -1.843166661342836
3   -0.6028551864854503   -2.3943688823172966
4   0.19798059102676166   -2.826390745043938
5   1.0239704174655977   -3.179764344488214
6   -1.5550512214913577   -3.477978213068387
7   -1.098651801025165   -3.735592688454243
8   -0.5091920530763253   -3.9621693395894986
9   -0.13185357334290515   -4.164291343270278
10   0.1758068597187595   -4.346670146523773
11   0.6516654558214392   -4.512787073520963
12   0.9667074663874411   -4.665283993626209
13   1.1607271769652023   -4.806211381071866
14   1.5560776857990855   -4.937191588383326
15   -1.2157509107934543   -5.059529696791554
16   -1.06997246003434   -5.1742908290668135
17   -0.8510439563112105   -5.282355356670898
18   -0.4588656086983313   -5.384459148449968
19   -0.1068769013771812   -5.481223458948457
20   0.040562106042589   -5.573177490719691
21   0.14423015846356046   -5.66077567919944
22   0.4394700029487837   -5.744411111769556
23   0.8549640211196848   -5.824426071888423
24   1.2994480018310994   -5.901120415589415
25   -1.415203428243651   -5.97475829300392
26   -1.0303706320275308   -6.04557359171598
27   -0.7026010099930239   -6.113774382481122
28   -0.44128224237841107   -6.179546578648196
29   -0.250178549299758   -6.243056970243226
30   -0.1254816628341099   -6.304455756550421
31   -0.054899038333640994   -6.3638786733631765
32   -0.0208808024585753   -6.421448790251275
33   -0.006952529260773781   -6.477278037358187
34   -0.0020512031423675857   -6.53146850909751
35   -0.0005428495915057892   -6.584113582722314
36   -0.00013019904890838651   -6.6352988824150385
37   -2.8529518423308382e-05   -6.685103113790062
38   -5.747950580457356e-06   -6.733598789147585
39   -1.0703602367411556e-06   -6.780852860191061
40   -1.8503533899920607e-07   -6.8269272720139496
