0   -1.5152490490614317   -0.024304287022220115
1   0.6499235336789629   -1.098252839719685
2   -0.9520170297538139   -1.8431666613066953
3   0.18872088013924504   -2.394368882294351
4   0.9092590825510249   -2.826390745030096
5   -1.5523246834824496   3.1034209626989853
6   -0.9071334896251831   2.805207094114513
7   -0.5302488691883187   2.54759261872564
8   -0.04948660694429544   2.3210159675882287
9   0.4084938587337387   2.1188939639058835
10   0.6456839093673977   1.9365151606512365
11   1.0307655369339246   1.770398233653193
12   1.417367221256301   1.6179013135473095
13   -1.5549899530501636   1.4769739261011823
14   -1.2707924927370722   1.3459937187893782
15   -0.8879299358607388   1.2236556103809033
16   -0.6833075136528876   1.1088944781054761
17   -0.5550955652341825   1.0008299505012845
18   -0.23790281134657407   0.8987261587221577
19   0.12242651950615888   0.8019618482236528
20   0.3279618764661215   0.7100078164524354
21   0.39615445608185124   0.6224096279727283
22   0.6014835757921992   0.538774195402673
23   0.9598900965290247   0.45875923528388485
24   1.3718896823708404   0.38206489158298745
25   -1.363160465048546   0.3084270141685827
26   -0.9926034903844907   0.23761171545663504
27   -0.6756845180686977   0.1694109246916099
28   -0.42299710969424764   0.10363872852465758
29   -0.23873275382386572   0.04012833692975322
30   -0.11910978624168954   -0.021270449377314506
31   -0.051833190997610495   -0.08069336618994172
32   -0.019621270233032857   -0.13826348307791098
33   -0.006508198389495849   -0.1940927301846965
34   -0.001914475177394979   -0.24828320192389128
35   -0.000505524360226304   -0.30092827554856955
36   -0.00012103303422461945   -0.3521135752411708
37   -2.6483396656758285e-05   -0.40191780661606985
38   -5.329500301080831e-06   -0.45041348197347075
39   -9.915126777687227e-07   -0.49766755301682797
40   -1.7131721829777167e-07   -0.5437419648396012
41   -2.763615306908887e-08   -0.5886941426440698
42   -4.218679453197205e-09   -0.6325774207552137
43   -6.549447176067527e-10   -0.6754414219442862
44   -1.4693141844839197e-10   -0.717332393808138
45   -7.890493749509017e-11   -0.7582935079060866
46   -7.032629030807036e-11   -0.7983651264925388
47   -6.93051201287141e-11   -0.8375850409661508
48   -6.919013855916038e-11   -0.8759886855579324
49   -6.917786853271976e-11   -0.9136093292796057
50   -6.917662539159805e-11   -0.9504782487321108
51   -6.917650561666563e-11   -0.9866248840187472
52   -6.917649462549042e-11   -1.0220769797062856
53   -6.9176493663497e-11   -1.0568607125216893
54   -6.917649358308393e-11   -1.0910008072539923
55   -6.917649357665632e-11   -1.124520642144495
56   -6.917649357616443e-11   -1.157442344888464
57   -6.917649357612835e-11   -1.1897868802341138
58   -6.91764935761258e-11   -1.2215741300458902
59   -6.917649357612566e-11   -1.2528229665966
60   -6.917649357612565e-11   -1.2835513197638997
61   -6.917649357612562e-11   -1.3137762387293754
62   -6.917649357612563e-11   -1.343513948711087
63   -6.917649357612563e-11   -1.3727799032015422
64   -6.917649357612562e-11   -1.401588832131665
65   -6.917649357612563e-11   -1.4299547863360187
66   -6.917649357612562e-11   -1.457891178654944
67   -6.917649357612563e-11   -1.4854108219741862
68   -6.917649357612561e-11   -1.5125259644717852
69   -6.91764935761256e-11   -1.539248322314602
70   -6.91764935761256e-11   -1.565589110022769
71   -6.917649357612561e-11   -1.5915590686987704
72   -6.917649357612558e-11   -1.6171684922988545
73   -6.917649357612558e-11   -1.642427252107402
74   -6.91764935761256e-11   -1.667344819559734
75   -6.917649357612558e-11   -1.6919302875453326
76   -6.917649357612561e-11   -1.7161923903112228
77   -6.917649357612562e-11   -1.7401395220744664
78   -6.917649357612563e-11   -1.7637797544429108
79   -6.917649357612562e-11   -1.7871208527346247
80   -6.917649357612563e-11   -1.8101702912784723
81   -6.917649357612561e-11   -1.8329352677712187
82   -6.917649357612562e-11   -1.8554227167601207
83   -6.917649357612562e-11   -1.8776393223141459
84   -6.917649357612562e-11   -1.8995915299416744
85   -6.917649357612561e-11   -1.9212855578078825
86   -6.917649357612561e-11   -1.9427274073005372
87   -6.91764935761256e-11   -1.9639228729891347
88   -6.917649357612561e-11   -1.9848775520186932
89   -6.917649357612562e-11   -2.0055968529762547
90   -6.917649357612561e-11   -2.026086004265268
91   -6.917649357612562e-11   -2.046350062020175
92   -6.917649357612561e-11   -2.0663939175912596
93   -6.917649357612561e-11   -2.0862223046273805
94   -6.917649357612561e-11   -2.1058398057822725
95   -6.917649357612558e-11   -2.1252508590681627
96   -6.917649357612561e-11   -2.144459763878715
97   -6.91764935761256e-11   -2.1634706867017357
98   -6.91764935761256e-11   -2.1822876665406357
99   -6.917649357612561e-11   -2.2009146200622784
100   -6.917649357612561e-11   -2.219355346487609
101   -6.917649357612558e-11   -2.2376135322403448
102   -6.917649357612558e-11   -2.2556927553679302
103   -6.91764935761256e-11   -2.273596489748035
104   -6.917649357612558e-11   -2.291328109092946
105   -6.917649357612558e-11   -2.308890890763387
106   -6.917649357612558e-11   -2.3262880194025573
107   -6.91764935761256e-11   -2.34352259040046
108   -6.91764935761256e-11   -2.3605976131979416
109   -6.917649357612561e-11   -2.3775160144392506
110   -6.917649357612562e-11   -2.394280640981392
111   -6.917649357612563e-11   -2.410894262767989
112   -6.917649357612562e-11   -2.427359575574935
113   -6.917649357612562e-11   -2.4436792036346104
114   -6.917649357612565e-11   -2.459855702145061
115   -6.917649357612563e-11   -2.4758915596701447
116   -6.917649357612565e-11   -2.491789200436298
117   -6.917649357612566e-11   -2.50755098653114
118   -6.917649357612562e-11   -2.5231792200090424
119   -6.917649357612562e-11   -2.5386761449082083
120   -6.917649357612562e-11   -2.554043949183762
121   -6.917649357612562e-11   -2.5692847665610428
122   -6.917649357612561e-11   -2.584400678312896
123   -6.917649357612561e-11   -2.5993937149648287
124   -6.91764935761256e-11   -2.6142658579313895
125   -6.917649357612561e-11   -2.629019041087156
126   -6.917649357612561e-11   -2.643655152275374
127   -6.917649357612561e-11   -2.6581760347572536
128   -6.917649357612561e-11   -2.672583488604675
129   -6.91764935761256e-11   -2.6868792720389214
130   -6.917649357612557e-11   -2.701065102717949
131   -6.91764935761256e-11   -2.715142658974551
132   -6.917649357612557e-11   -2.7291135810076406
133   -6.917649357612556e-11   -2.7429794720287486
134   -6.917649357612554e-11   -2.7567418993657804
135   -6.917649357612553e-11   -2.770402395525892
136   -6.917649357612553e-11   -2.7839624592193206
137   -6.917649357612552e-11   -2.7974235563458443
138   -6.917649357612553e-11   -2.8107871209455304
139   -6.917649357612553e-11   -2.824054556115276
140   -6.917649357612553e-11   -2.837227234892658
141   -6.917649357612553e-11   -2.8503065011084106
