   2.05497909E-05   2627764.00    
   4.24249192E-05   1272836.88    
   6.57108831E-05   821781.688    
   9.04986518E-05   596694.000    
   1.16885101E-04   461992.156    
   1.44973295E-04   372482.375    
   1.74873101E-04   308795.312    
   2.06701196E-04   261246.641    
   2.40582100E-04   224455.531    
   2.76648090E-04   195193.750    
   3.15040088E-04   171406.656    
   3.55908298E-04   151724.359    
   3.99412209E-04   135198.516    
   4.45721787E-04   121151.625    
   4.95018205E-04   109086.680    
   5.47493924E-04   98630.9688    
   6.03354012E-04   89499.3750    
   6.62816805E-04   81470.1094    
   7.26114609E-04   74367.9922    
   7.93494808E-04   68052.8672    
   8.65220616E-04   62411.2344    
   9.41572303E-04   57350.1914    
   1.02284795E-03   52792.9727    
   1.10936596E-03   48675.5312    
   1.20146398E-03   44944.1055    
   1.29950105E-03   41553.1992    
   1.40386203E-03   38463.9297    
   1.51495298E-03   35643.0898    
   1.63320894E-03   33061.9453    
   1.75909104E-03   30695.6289    
   1.89309299E-03   28522.4355    
   2.03573704E-03   26523.4062    
   2.18758010E-03   24681.8633    
   2.34921696E-03   22983.0664    
   2.52127810E-03   21413.9824    
   2.70443596E-03   19963.0176    
   2.89940694E-03   18619.8223    
   3.10695311E-03   17375.1484    
   3.32788401E-03   16220.7012    
   3.56306392E-03   15149.0117    
   3.81341111E-03   14153.3457    
   4.07990487E-03   13227.6143    
   4.36358619E-03   12366.2998    
   4.66556288E-03   11564.3975    
   4.98701585E-03   10817.3496    
   5.32920007E-03   10121.0029    
   5.69345383E-03   9471.56641    
   6.08120020E-03   8865.57129    
   6.49395399E-03   8299.84375    
   6.93332683E-03   7771.47217    
   7.40103796E-03   7277.77930    
   7.89891370E-03   6816.30811    
   8.42889957E-03   6384.79590    
   8.99306685E-03   5981.15674    
   9.59361997E-03   5603.46826    
   1.02329096E-02   5249.95459    
   1.09134195E-02   4918.98486    
   1.16378302E-02   4609.03369    
   1.24089504E-02   4318.70996    
   1.32298097E-02   4046.71216    
   1.41036101E-02   3791.84131    
   1.50337601E-02   3552.98828    
   1.60239097E-02   3329.11670    
   1.70779098E-02   3119.27515    
   1.81998909E-02   2922.57080    
   1.93942301E-02   2738.17749    
   2.06656009E-02   2565.32300    
   2.20189709E-02   2403.28735    
   2.34596208E-02   2251.39771    
   2.49931905E-02   2109.02026    
   2.66256593E-02   1975.56104    
   2.83634104E-02   1850.45886    
   3.02132498E-02   1733.18152    
   3.21823806E-02   1623.22766    
   3.42785195E-02   1520.11792    
   3.65098417E-02   1423.39941    
   3.88850793E-02   1332.64026    
   4.14135009E-02   1247.43262    
   4.41049896E-02   1167.39087    
   4.69700582E-02   1092.15356    
   5.00199199E-02   1021.38373    
   5.32664806E-02   954.771729    
   5.67224212E-02   892.035889    
   6.04012609E-02   832.923035    
   6.43173531E-02   777.210571    
   6.84860125E-02   724.704590    
   7.29235336E-02   675.239075    
   7.76472464E-02   628.673035    
   8.26756135E-02   584.886353    
   8.80282819E-02   543.774475    
   9.37261730E-02   505.241638    
   9.97915417E-02   469.194855    
  0.106248103       435.536255    
  0.113121100       404.157776    
  0.120437302       374.936951    
  0.128225401       347.733917    
  0.136515707       322.393677    
  0.145340800       298.748138    
  0.154734999       276.624817    
  0.164735094       255.854233    
  0.175380200       236.280579    
  0.186711803       217.772263    
  0.198774204       200.229492    
  0.211614594       183.589798    
  0.225283101       167.829178    
  0.239833206       152.957870    
  0.255321592       139.012253    
  0.271809012       126.041924    
  0.289359689       114.096275    
  0.308042407       103.209274    
  0.327930003       93.3880615    
  0.349100202       84.6044540    
  0.371635795       76.7925720    
  0.395624787       69.8523560    
  0.421160907       63.6583710    
  0.448343992       58.0727386    
  0.477280289       52.9598885    
  0.508082688       48.2006035    
  0.540871799       43.7029343    
  0.575775623       39.4085121    
  0.612930477       35.2932205    
  0.652481675       31.3626213    
  0.694583714       27.6435719    
  0.739400983       24.1737099    
  0.787108779       20.9909573    
  0.837893486       18.1248512    
  0.891953588       15.5907736    
  0.949500203       13.3875961    
   1.01075804       11.4984341    
   1.07596695       9.89378548    
   1.14538205       8.53612995    
   1.21927297       7.38488007    
   1.29793000       6.40076065    
   1.38165998       5.54927111    
   1.47079003       4.80266333    
   1.56566799       4.14059401    
   1.66666496       3.54962206    
   1.77417696       3.02189136    
   1.88862205       2.55342984    
   2.01044798       2.14235187    
   2.14013100       1.78734183    
   2.27817798       1.48653901    
   2.42512894       1.23690915    
   2.58155704       1.03408003    
   2.74807310      0.872529089    
   2.92532897      0.746012211    
   3.11401701      0.648084641    
   3.31487489      0.572592139    
   3.52868605      0.514051616    
   3.75628805      0.467883050    
   3.99856806      0.430485338    
   4.25647402      0.399188340    
   4.53101301      0.372117549    
   4.82325888      0.348027557    
   5.13435316      0.326127499    
   5.46551085      0.305933863    
   5.81802702      0.287154615    
   6.19327784      0.269609958    
   6.59273100      0.253179967    
   7.01794577      0.237776846    
   7.47058487      0.223327681    
   7.95241690      0.209769055    
   8.46532440      0.197042182    
   9.01131058      0.185093433    
   9.59251118      0.173873246    
   10.2111998      0.163335413    
   10.8697796      0.153437808    
   11.5708399      0.144140586    
   12.3171196      0.135406971    
   13.1115303      0.127202839    
   13.9571695      0.119495846    
   14.8573503      0.112255804    
   15.8155804      0.105454482    
   16.8356209       9.90651771E-02
   17.9214497       9.30629969E-02
   19.0772991       8.74245241E-02
   20.3076992       8.21276605E-02
   21.6174603       7.71517009E-02
   23.0116806       7.24772736E-02
   24.4958305       6.80860281E-02
   26.0757008       6.39608428E-02
   27.7574596       6.00856058E-02
