   2.05497909E-05   54.0000000    
   4.24249192E-05   54.0000000    
   6.57108831E-05   54.0000000    
   9.04986518E-05   54.0000000    
   1.16885101E-04   53.9999962    
   1.44973295E-04   53.9999962    
   1.74873101E-04   53.9999924    
   2.06701196E-04   53.9999886    
   2.40582100E-04   53.9999847    
   2.76648090E-04   53.9999771    
   3.15040088E-04   53.9999657    
   3.55908298E-04   53.9999542    
   3.99412209E-04   53.9999352    
   4.45721787E-04   53.9999161    
   4.95018205E-04   53.9998856    
   5.47493924E-04   53.9998512    
   6.03354012E-04   53.9998055    
   6.62816805E-04   53.9997482    
   7.26114609E-04   53.9996758    
   7.93494808E-04   53.9995842    
   8.65220616E-04   53.9994736    
   9.41572303E-04   53.9993362    
   1.02284795E-03   53.9991684    
   1.10936596E-03   53.9989624    
   1.20146398E-03   53.9987144    
   1.29950105E-03   53.9984055    
   1.40386203E-03   53.9980354    
   1.51495298E-03   53.9975891    
   1.63320894E-03   53.9970474    
   1.75909104E-03   53.9963951    
   1.89309299E-03   53.9956093    
   2.03573704E-03   53.9946709    
   2.18758010E-03   53.9935493    
   2.34921696E-03   53.9922104    
   2.52127810E-03   53.9906158    
   2.70443596E-03   53.9887199    
   2.89940694E-03   53.9864769    
   3.10695311E-03   53.9838181    
   3.32788401E-03   53.9806862    
   3.56306392E-03   53.9769974    
   3.81341111E-03   53.9726601    
   4.07990487E-03   53.9675827    
   4.36358619E-03   53.9616394    
   4.66556288E-03   53.9547119    
   4.98701585E-03   53.9466515    
   5.32920007E-03   53.9372978    
   5.69345383E-03   53.9264755    
   6.08120020E-03   53.9139824    
   6.49395399E-03   53.8996162    
   6.93332683E-03   53.8831329    
   7.40103796E-03   53.8642921    
   7.89891370E-03   53.8428268    
   8.42889957E-03   53.8184586    
   8.99306685E-03   53.7908936    
   9.59361997E-03   53.7598381    
   1.02329096E-02   53.7249908    
   1.09134195E-02   53.6860580    
   1.16378302E-02   53.6427498    
   1.24089504E-02   53.5948067    
   1.32298097E-02   53.5419846    
   1.41036101E-02   53.4840775    
   1.50337601E-02   53.4209290    
   1.60239097E-02   53.3524323    
   1.70779098E-02   53.2785378    
   1.81998909E-02   53.1992493    
   1.93942301E-02   53.1146355    
   2.06656009E-02   53.0248146    
   2.20189709E-02   52.9299393    
   2.34596208E-02   52.8301697    
   2.49931905E-02   52.7256508    
   2.66256593E-02   52.6164627    
   2.83634104E-02   52.5025711    
   3.02132498E-02   52.3837585    
   3.21823806E-02   52.2595749    
   3.42785195E-02   52.1292572    
   3.65098417E-02   51.9916611    
   3.88850793E-02   51.8452263    
   4.14135009E-02   51.6879234    
   4.41049896E-02   51.5172768    
   4.69700582E-02   51.3303795    
   5.00199199E-02   51.1239929    
   5.32664806E-02   50.8946838    
   5.67224212E-02   50.6390190    
   6.04012609E-02   50.3537979    
   6.43173531E-02   50.0363541    
   6.84860125E-02   49.6848221    
   7.29235336E-02   49.2984238    
   7.76472464E-02   48.8776932    
   8.26756135E-02   48.4245796    
   8.80282819E-02   47.9424248    
   9.37261730E-02   47.4357414    
   9.97915417E-02   46.9097824    
  0.106248103       46.3699188    
  0.113121100       45.8208237    
  0.120437302       45.2655716    
  0.128225401       44.7046967    
  0.136515707       44.1354904    
  0.145340800       43.5514908    
  0.154734999       42.9425735    
  0.164735094       42.2955284    
  0.175380200       41.5953140    
  0.186711803       40.8269348    
  0.198774204       39.9776878    
  0.211614594       39.0396118    
  0.225283101       38.0116730    
  0.239833206       36.9013062    
  0.255321592       35.7249527    
  0.271809012       34.5071869    
  0.289359689       33.2785950    
  0.308042407       32.0721664    
  0.327930003       30.9189911    
  0.349100202       29.8435879    
  0.371635795       28.8597565    
  0.395624787       27.9677563    
  0.421160907       27.1533909    
  0.448343992       26.3894291    
  0.477280289       25.6392918    
  0.508082688       24.8625355    
  0.540871799       24.0212269    
  0.575775623       23.0861206    
  0.612930477       22.0414886    
  0.652481675       20.8876877    
  0.694583714       19.6410904    
  0.739400983       18.3313637    
  0.787108779       16.9967728    
  0.837893486       15.6783981    
  0.891953588       14.4143448    
  0.949500203       13.2349243    
   1.01075804       12.1594887    
   1.07596695       11.1952515    
   1.14538205       10.3381119    
   1.21927297       9.57506943    
   1.29793000       8.88754654    
   1.38165998       8.25522232    
   1.47079003       7.65945435    
   1.56566799       7.08599091    
   1.66666496       6.52648926    
   1.77417696       5.97893524    
   1.88862205       5.44693756    
   2.01044798       4.93816376    
   2.14013100       4.46240234    
   2.27817798       4.02947998    
   2.42512894       3.64750290    
   2.58155704       3.32160568    
   2.74807310       3.05332565    
   2.92532897       2.84064484    
   3.11401701       2.67856598    
   3.31487489       2.56002808    
   3.52868605       2.47696304    
   3.75628805       2.42126465    
   3.99856806       2.38555527    
   4.25647402       2.36364365    
   4.53101301       2.35074615    
   4.82325888       2.34340286    
   5.13435316       2.33928299    
   5.46551085       2.33694458    
   5.81802702       2.33554840    
   6.19327784       2.33465958    
   6.59273100       2.33404541    
   7.01794577       2.33361053    
   7.47058487       2.33330154    
   7.95241690       2.33308029    
   8.46532440       2.33293915    
   9.01131058       2.33285141    
   9.59251118       2.33279800    
   10.2111998       2.33277130    
   10.8697796       2.33275604    
   11.5708399       2.33275223    
   12.3171196       2.33274460    
   13.1115303       2.33274460    
   13.9571695       2.33274460    
   14.8573503       2.33274460    
   15.8155804       2.33274460    
   16.8356209       2.33274460    
   17.9214497       2.33274460    
   19.0772991       2.33274460    
   20.3076992       2.33274460    
   21.6174603       2.33274460    
   23.0116806       2.33274460    
   24.4958305       2.33274460    
   26.0757008       2.33274460    
   27.7574596       2.33274460    
