   2.05497909E-05   3.82933756E-08
   4.24249192E-05   1.32231122E-07
   6.57108831E-05   3.93324342E-07
   9.04986518E-05   9.33536512E-07
   1.16885101E-04   1.89526065E-06
   1.44973295E-04   3.45925855E-06
   1.74873101E-04   5.85365069E-06
   2.06701196E-04   9.36464130E-06
   2.40582100E-04   1.43493980E-05
   2.76648090E-04   2.12513496E-05
   3.15040088E-04   3.06185611E-05
   3.55908298E-04   4.31256922E-05
   3.99412209E-04   5.95999227E-05
   4.45721787E-04   8.10521160E-05
   4.95018205E-04   1.08713823E-04
   5.47493924E-04   1.44080608E-04
   6.03354012E-04   1.88964113E-04
   6.62816805E-04   2.45552976E-04
   7.26114609E-04   3.16484715E-04
   7.93494808E-04   4.04930557E-04
   8.65220616E-04   5.14694490E-04
   9.41572303E-04   6.50329806E-04
   1.02284795E-03   8.17274617E-04
   1.10936596E-03   1.02201279E-03
   1.20146398E-03   1.27225346E-03
   1.29950105E-03   1.57714554E-03
   1.40386203E-03   1.94753415E-03
   1.51495298E-03   2.39622500E-03
   1.63320894E-03   2.93833180E-03
   1.75909104E-03   3.59163340E-03
   1.89309299E-03   4.37702006E-03
   2.03573704E-03   5.31894667E-03
   2.18758010E-03   6.44599833E-03
   2.34921696E-03   7.79150939E-03
   2.52127810E-03   9.39422287E-03
   2.70443596E-03   1.12990662E-02
   2.89940694E-03   1.35579901E-02
   3.10695311E-03   1.62308682E-02
   3.32788401E-03   1.93864647E-02
   3.56306392E-03   2.31035315E-02
   3.81341111E-03   2.74718758E-02
   4.07990487E-03   3.25935557E-02
   4.36358619E-03   3.85840014E-02
   4.66556288E-03   4.55731750E-02
   4.98701585E-03   5.37067428E-02
   5.32920007E-03   6.31469786E-02
   5.69345383E-03   7.40737170E-02
   6.08120020E-03   8.66848826E-02
   6.49395399E-03  0.101196773    
   6.93332683E-03  0.117843896    
   7.40103796E-03  0.136878490    
   7.89891370E-03  0.158568949    
   8.42889957E-03  0.183197901    
   8.99306685E-03  0.211059183    
   9.59361997E-03  0.242454007    
   1.02329096E-02  0.277686119    
   1.09134195E-02  0.317054510    
   1.16378302E-02  0.360849440    
   1.24089504E-02  0.409339964    
   1.32298097E-02  0.462770015    
   1.41036101E-02  0.521346033    
   1.50337601E-02  0.585229635    
   1.60239097E-02  0.654531479    
   1.70779098E-02  0.729302108    
   1.81998909E-02  0.809533656    
   1.93942301E-02  0.895158708    
   2.06656009E-02  0.986059964    
   2.20189709E-02   1.08208394    
   2.34596208E-02   1.18306458    
   2.49931905E-02   1.28885806    
   2.66256593E-02   1.39938271    
   2.83634104E-02   1.51467526    
   3.02132498E-02   1.63495135    
   3.21823806E-02   1.76066995    
   3.42785195E-02   1.89260685    
   3.65098417E-02   2.03191471    
   3.88850793E-02   2.18017936    
   4.14135009E-02   2.33944845    
   4.41049896E-02   2.51223612    
   4.69700582E-02   2.70148206    
   5.00199199E-02   2.91046715    
   5.32664806E-02   3.14266896    
   5.67224212E-02   3.40156674    
   6.04012609E-02   3.69039798    
   6.43173531E-02   4.01186991    
   6.84860125E-02   4.36786938    
   7.29235336E-02   4.75918198    
   7.76472464E-02   5.18527079    
   8.26756135E-02   5.64416075    
   8.80282819E-02   6.13247061    
   9.37261730E-02   6.64563274    
   9.97915417E-02   7.17832041    
  0.106248103       7.72509670    
  0.113121100       8.28122807    
  0.120437302       8.84360409    
  0.128225401       9.41167736    
  0.136515707       9.98819923    
  0.145340800       10.5797071    
  0.154734999       11.1964550    
  0.164735094       11.8518305    
  0.175380200       12.5610647    
  0.186711803       13.3393478    
  0.198774204       14.1995420    
  0.211614594       15.1497183    
  0.225283101       16.1909218    
  0.239833206       17.3156242    
  0.255321592       18.5071735    
  0.271809012       19.7406673    
  0.289359689       20.9851398    
  0.308042407       22.2071667    
  0.327930003       23.3752518    
  0.349100202       24.4645672    
  0.371635795       25.4611301    
  0.395624787       26.3646755    
  0.421160907       27.1895828    
  0.448343992       27.9634361    
  0.477280289       28.7232895    
  0.508082688       29.5101070    
  0.540871799       30.3623161    
  0.575775623       31.3095398    
  0.612930477       32.3677101    
  0.652481675       33.5364647    
  0.694583714       34.7992249    
  0.739400983       36.1259346    
  0.787108779       37.4778328    
  0.837893486       38.8133049    
  0.891953588       40.0937538    
  0.949500203       41.2884750    
   1.01075804       42.3778648    
   1.07596695       43.3546143    
   1.14538205       44.2228699    
   1.21927297       44.9958153    
   1.29793000       45.6922607    
   1.38165998       46.3327942    
   1.47079003       46.9362907    
   1.56566799       47.5172043    
   1.66666496       48.0839691    
   1.77417696       48.6386299    
   1.88862205       49.1775360    
   2.01044798       49.6929131    
   2.14013100       50.1748543    
   2.27817798       50.6133995    
   2.42512894       51.0003357    
   2.58155704       51.3304634    
   2.74807310       51.6022263    
   2.92532897       51.8176689    
   3.11401701       51.9818535    
   3.31487489       52.1019287    
   3.52868605       52.1860733    
   3.75628805       52.2424965    
   3.99856806       52.2786751    
   4.25647402       52.3008652    
   4.53101301       52.3139305    
   4.82325888       52.3213730    
   5.13435316       52.3255463    
   5.46551085       52.3279152    
   5.81802702       52.3293266    
   6.19327784       52.3302307    
   6.59273100       52.3308525    
   7.01794577       52.3312950    
   7.47058487       52.3316116    
   7.95241690       52.3318291    
   8.46532440       52.3319740    
   9.01131058       52.3320656    
   9.59251118       52.3321190    
   10.2111998       52.3321495    
   10.8697796       52.3321648    
   11.5708399       52.3321724    
   12.3171196       52.3321762    
   13.1115303       52.3321762    
   13.9571695       52.3321762    
   14.8573503       52.3321762    
   15.8155804       52.3321762    
   16.8356209       52.3321762    
   17.9214497       52.3321762    
   19.0772991       52.3321762    
   20.3076992       52.3321762    
   21.6174603       52.3321762    
   23.0116806       52.3321762    
   24.4958305       52.3321762    
   26.0757008       52.3321762    
   27.7574596       52.3321762    
