0   1.2468079434480802e+20   1.246807942913628e+20   9.089229903840349e+22
1   124262785.18101051   124189632.95262693   90534242422.46507
2   7769680.02610113   7778565.098472821   5670573956.786686
3   1528978.3694705346   1537921.4560423014   1121144741.4548378
4   486025.06647721835   486943.22603565856   354981611.7799952
5   201610.59385475254   199583.03441042817   145496032.08520213
6   98585.74046581611   96316.1584333496   70214479.49791186
7   53694.2021325269   52028.35455674552   37928670.47186749
8   31499.66069759923   30523.490335926057   22251624.454890095
9   19505.02911793426   19073.185930202693   13904352.543117767
10   12590.387083430058   12526.557804242295   9131860.639292633
11   8406.536518506104   8565.251688605287   6244068.480993253
12   5777.812945150909   6054.894163158838   4414017.844942794
13   4074.9864791408268   4401.705399067086   3208843.235919905
14   2943.1522346746365   3277.0849624793073   2388994.937647415
15   2173.6544407930833   2490.480968625954   1815560.6261283206
16   1639.6619096089119   1926.9035120485514   1404712.660283394
17   1261.9471694715994   1514.5348385307898   1104095.8972889457
18   989.8762748296748   1207.15648129216   880017.0748619844
19   790.4500998197749   974.2301003535016   710213.7431577028
20   641.7895154745373   795.1007351744021   579628.4359421391
21   529.161147737977   655.5036006671935   477862.1248863841
22   442.4994525848536   545.4006861071707   397597.1001721274
23   374.83264235208327   457.6076751016329   333595.99514909036
24   321.26651508935834   386.90299133396   282052.2806824569
25   278.3191201674687   329.43797960608003   240160.2871328324
26   243.47964130774645   282.3392476548137   205825.31154035917
27   214.91261384627987   243.43604898416487   177464.8797094562
28   191.25752609039213   211.0705003320486   153870.39474206345
29   171.4917226414773   183.96358410317185   134109.45281121228
30   154.8357401837875   161.11929385657126   117455.96522144043
31   140.68734546783415   141.75522922770372   103339.562106996
32   128.5751533040968   125.25177243018392   91308.54210160411
33   118.12570853032612   111.11447840066602   81002.45475408554
34   109.03989515829012   98.94596845534409   72131.61100394583
35   101.07585439100984   88.42473190094489   64461.62955578884
36   94.03647931513207   79.28899908074118   57801.68032986033
37   87.7601511132245   71.32437250761075   51995.467558048236
38   82.11378757733151   64.35426743279253   46914.26095850576
39   76.98755472226195   58.23247014118647   42451.47073292493
40   72.29078506994011   52.83730511175914   38518.395426472416
41   67.94877843151048   48.06703353791598   35040.867449140744
42   63.90025396474532   43.8362009157135   31956.590467555143
43   60.0952883285458   40.072721009581365   29213.01361598481
44   56.49362048982372   36.71553479535766   26765.62486581573
45   53.06323586010065   33.71272106609923   24576.57365718634
46   49.77916614650761   31.01996387276663   22613.553663246872
47   46.62245831981195   28.599303426590478   20848.892197984456
48   43.57927789964826   26.41811335535977   19258.804636057266
49   40.64012059797909   24.448259614974265   17822.78125931624
50   37.79911312891307   22.665405881723636   16523.08088777653
51   35.053388737402344   21.048437602760462   15344.311012412374
52   32.402526495397794   19.578982588828353   14273.078307255868
53   29.848046225942674   18.24101048616013   13297.696644410733
54   27.392952928524952   17.020496956644955   12407.942281394173
55   25.04132602824716   15.90514114746861   11594.847896504618
56   22.79794999848535   14.884127210441711   10850.528736412005
57   20.667983745602974   13.947922364245715   10168.035403535127
58   18.65666664217246   13.088105377097472   9541.22881990406
59   16.769059601517906   12.297220457643952   8964.673713622442
60   15.009819954133357   11.568652436047758   8433.547625878815
61   13.383008917922083   10.89651984008076   7943.562963418876
62   11.891930504093116   10.27558305760595   7490.900048994736
63   10.53900086836818   9.701165254512121   7072.149470539337
64   9.325647030469534   9.169084107536989   6684.262314394464
65   8.252233650004625   8.675592731506931   6324.507101268554
66   7.318016532714389   8.217328443842858   5990.432435561442
67   6.521121516519126   7.7912682264839335   5679.834537106789
68   5.8585471074735995   7.394689925254237   5390.728955510339
69   5.326189045108858   7.025138376028455   5121.3258761247425
70   4.9188849928405105   6.680395771384553   4870.008517339341
71   4.630477417596773   6.358455685235018   4635.314194536329
72   4.453892481894083   6.057500259828587   4415.9176894150405
73   4.381232744485914   5.775880132453344   4210.616616558487
74   4.403881504684254   5.5120967405487535   4018.318523860041
75   4.512616501726264   5.264786695709443   3838.0295011721846
76   4.697730615559104   5.032707960843103   3668.8441034546217
77   4.949157330088912   4.814727601851562   3509.9364217497896
78   5.25659877868441   4.6098109167248   3360.5521582923798
79   5.609654179615   4.417011771773495   3220.001581622878
80   5.997946588256764   4.235463997621975   3087.653254266419
81   6.411246075421703   4.064373717158766   2962.9284398087398
82   6.839587545284434   3.903012494413084   2845.2961084271383
83   7.273381537977592   3.750711207722109   2734.2684704294174
84   7.703516582672302   3.606854562936214   2629.3969763805
85   8.121451863202715   3.4708761730794477   2530.2687301749174
86   8.519299129108306   3.342254140094068   2436.5032681285757
87   8.889893007367512   3.22050708226456   2347.7496629708644
88   9.226849095108898   3.105190557818655   2263.6839166498
89   9.524609406917815   2.995893841192958   2184.006610229667
90   9.77847496764361   2.8922370136579563   2108.4407829566503
91   9.98462555934083   2.793868334531317   2036.7300158733303
92   10.140126804077086   2.700461863162703   1968.636698245611
93   10.242924950084491   2.611715305327285   1903.940457583591
94   10.29182992906884   2.527348060686874   1842.4367362407313
95   10.286487388717935   2.4470994506248287   1783.9354995055003
96   10.227340517807718   2.370727108083783   1728.2600617930775
97   10.11558263779656   2.2980055130760966   1675.2460190324746
98   9.95310164738491   2.228724659332767   1624.7402766535877
99   9.742417439481136   2.1626888391387484   1576.6001637321476
100   9.486613476252355   2.099715534798654   1530.692624868219
101   9.189263795084825   2.0396344064099985   1486.8934822728888
102   8.854356708530386   1.9822863667120556   1445.0867613330886
103   8.486216418389375   1.927522734744565   1405.1640736287882
104   8.089423787645158   1.875204460907276   1367.0240520014045
105   7.668737498986232   1.825201416771997   1330.571832826786
106   7.2290167166829535   1.7773917436749984   1295.718581139074
107   6.77514629321633   1.7316612547192936   1262.381054690365
108   6.3119655341530905   1.6879028853524978   1230.4812034219706
109   5.844201420282848   1.6460161881640925   1199.9458011716238
110   5.37640702972181   1.6059068679729223   1170.7061067522604
111   4.912905824220553   1.5674863536573844   1142.697551816233
112   4.457742379357557   1.530671403522322   1115.8594531677725
113   4.014639968029117   1.4953837413025226   1090.134747409539
114   3.5869652657583986   1.4615497201770593   1065.4697460090763
115   3.1777003727843667   1.42910001241487   1041.81390905044
116   2.789422223502435   1.397969322493234   1019.1196360975674
117   2.424289291016119   1.3680961217296739   997.3420727409325
118   2.0840354027018835   1.3394224026469368   976.4389315296169
119   1.76997041396141   1.311893451452   956.3703261085078
120   1.482987362836055   1.285457637155613   937.098617486442
121   1.2235756232193327   1.2600662159901594   918.5882714568261
122   0.991839534607877   1.235673149902331   900.8057262787994
123   0.7875219300981712   1.2122349380043898   883.7192698052003
124   0.6100319035383832   1.1897104599648767   867.2989253143952
125   0.45847612643062063   1.1680608304076217   851.5163453671563
126   0.33169302475600454   1.1472492634675946   836.3447130678763
127   0.22828909985443593   1.1272409467245166   821.7586501621727
128   0.14667666420001496   1.1080029238008273   807.7341314508033
129   0.08511229220747159   1.0895039849702763   794.2484050433313
130   0.04173531390545221   1.0717145651777218   781.2799180145591
131   0.014605698666544775   1.054606648920112   768.8082470627617
132   0.001740722756435417   1.038153681483631   756.8140338015672
133   0.0011498748313145048   1.022330486073015   745.2789243472278
134   0.01086750497881775   1.0071131864064689   734.185512890316
135   0.028982785302523344   0.992479134383783   723.5172889657779
136   0.053666625673291335   0.9784068424664365   713.2585881580322
137   0.08319525613967582   0.9648759204370323   703.3945459985965
138   0.11597025823067093   0.951867016231504   693.9110548327664
139   0.15053490936441563   0.9393617605614271   684.7947234492802
140   0.18558677535051135   0.9273427150656733   676.0328392828759
141   0.2199865492567684   0.9157933237507185   667.6133330142737
142   0.25276321131764856   0.9046978674973327   659.5247454055554
143   0.2831156531814446   0.8940414214282916   651.7561962212245
144   0.31041095553709075   0.8838098149472906   644.297355096575
145   0.33417956084764666   0.8739895942735191   637.1384142253953
146   0.3541076423102105   0.8645679873095042   630.2700627486286
147   0.37002700123030036   0.8555328706919315   623.683462734418
148   0.38190284280394654   0.846872738886303   617.3702266481148
149   0.389819814792476   0.838576675196568   611.3223962182981
150   0.39396671503099334   0.8306343245703554   605.5324226117891
151   0.39462026324840543   0.8230358680892016   599.993147837028
152   0.39212832890611804   0.8157719990412581   594.6977873010771
153   0.38689301333536813   0.8088339004814439   589.6399134509726
154   0.37935396197498134   0.802213224190972   584.8134404352186
155   0.36997224441595655   0.7959020709545618   580.2126097258755
156   0.3592151206029583   0.7898929720796423   575.8319766460593
157   0.34754198580052326   0.7841788720873516   571.6663977516793
158   0.3353917340806002   0.7787531125102954   567.7110190200053
159   0.3231717339376762   0.7736094167367965   563.9612648011248
160   0.31124857771142106   0.7687418758458168   560.4128274916004
161   0.29994071720656457   0.76414493538088   557.0616578926615
162   0.2895130398430871   0.7598133830152022   553.9039562180825
163   0.2801733991665703   0.7557423370638469   550.9361637195443
164   0.27207107390517254   0.7519272358021079   548.1549548997366
165   0.2652970783882366   0.7483638275525114   545.5572302857807
166   0.25988620600011664   0.7450481615057958   543.1401097377252
167   0.2558206573976206   0.7419765792440431   540.9009262689074
168   0.2530350696739739   0.7391457069367688   538.8372203569045
169   0.2514227328626132   0.7365524481832967   536.9467347256233
170   0.25084276429310065   0.7341939774770828   535.2274095807933
171   0.25112799321575907   0.7320677342699249   533.6773782827753
172   0.2520932935811549   0.7301714176161092   532.2949634421436
173   0.2535441069400248   0.7285029813785967   531.0786734249969
174   0.25528490121357383   0.7270606299813105   530.0271992563753
175   0.2571273083373696   0.7258428146934437   529.1394119115205
176   0.2588977030414248   0.7248482304335315   528.4143599860445
177   0.2604440173053494   0.7240758130827791   527.851267737346
178   0.2616415970658805   0.7235247372988292   527.4495334908463
179   0.2623979252300809   0.723194414822818   527.2087284058342
180   0.2626560870834638   0.7230844932741946   527.1285955968879
