2.054979e-05   351149.1   9.964828816810032e-08   0.00484911467066575
4.242492e-05   311543.1   1.9358603684005593e-07   1272836.8092718609
6.571088e-05   289604.2   4.546792007354059e-07   821781.7132462813
9.049865e-05   274243.7   9.948913582051698e-07   596693.9728394693
0.0001168851   262371.6   1.9566156725972634e-06   461992.1447933426
0.0001449733   252616.3   3.5206139569835247e-06   372482.35695390834
0.0001748731   244274.4   5.915005665015318e-06   308795.315488742
0.0002067012   236935.7   9.425995851601718e-06   261246.62350293153
0.0002405821   230340.8   1.4410752474199784e-05   224455.54174332807
0.0002766481   224315.4   2.1312705838498003e-05   195193.74500419185
0.0003150401   218736.8   3.067991849021801e-05   171406.65369291563
0.0003559083   213515.4   4.318704698168471e-05   151724.35375334887
0.0003994122   208583.7   5.9661272701906335e-05   135198.52507942246
0.0004457218   203889.3   8.111348206727402e-05   121151.62167638633
0.0004950182   199391.1   0.00010877517474547834   109086.67847934733
0.0005474939   195055.9   0.00014414196271138113   98630.97261547076
0.000603354   190856.3   0.00018902547962366037   89499.38340430391
0.0006628168   186769.8   0.0002456143447330726   81470.10514165492
0.0007261146   182777.4   0.0003165460759063205   74367.99019593338
0.0007934948   178862.8   0.00040499190184215786   68052.86563705037
0.0008652206   175012.2   0.0005147557990043684   62411.23390289251
0.0009415723   171213.4   0.0006503911677046541   57350.18926197414
0.001022848   167456.0   0.0008173360531004124   52792.96891028471
0.001109366   163730.5   0.0010220742336007169   48675.52992048286
0.001201464   160028.7   0.0012723150075507302   44944.10792582421
0.001299501   156343.5   0.0015772068630667065   41553.198337774986
0.001403862   152668.3   0.001947595445051374   38463.93192817737
0.001514953   148997.3   0.002396286420671309   35643.08840840562
0.001633209   145325.4   0.002938393630584981   33061.942229297914
0.001759091   141648.2   0.003591694535250251   30695.631042092053
0.001893093   137961.6   0.004377081497273116   28522.435463288242
0.002035737   134262.4   0.005319008090352353   26523.406998010865
0.00218758   130547.5   0.006446058449119183   24681.86486507962
0.002349217   126814.8   0.007791571766596606   22983.06560366003
0.002521278   123062.2   0.009394283576773257   21413.983589442825
0.002704436   119288.7   0.011299127875709762   19963.016640853875
0.002899407   115493.2   0.013558051938346994   18619.82189739545
0.003106953   111675.8   0.016230928138307392   17375.148279314715
0.003327884   107836.7   0.01938652493408827   16220.70164556995
0.003563064   103976.9   0.023103594045872672   15149.01118979455
0.003813411   100098.1   0.02747193507160211   14153.346718968503
0.004079905   96202.47   0.03259361971783879   13227.613481265413
0.004363586   92292.99   0.038584056507064264   12366.300548102625
0.004665563   88373.29   0.045573239016266434   11564.397857446944
0.004987016   84447.75   0.05370680931598886   10817.349130358516
0.0053292   80521.47   0.0631470397163561   10121.003707926826
0.005693454   76600.32   0.0740737904164017   9471.566154672297
0.0060812   72690.9   0.08668494173095395   8865.571771734041
0.006493954   68800.59   0.1011968340245501   8299.8436955321
0.006933327   64937.46   0.11784396378305101   7771.4719118565945
0.007401038   61110.32   0.13687856021526867   7277.779338490726
0.007898914   57328.62   0.15856903129751357   6816.308035345427
0.0084289   53602.39   0.18319797731997714   6384.795408971518
0.008993067   49942.2   0.21105926088234445   5981.1564552023965
0.00959362   46359.01   0.24245408398268392   5603.468337918044
0.01023291   42864.08   0.2776862184527138   5249.954683618569
0.01091342   39468.82   0.3170546132186907   4918.984643382304
0.01163783   36184.63   0.36084952384627866   4609.033683784152
0.01240895   33022.7   0.4093400212240939   4318.710284010807
0.01322981   29993.84   0.46277011346018043   4046.711924550679
0.01410361   27108.24   0.521346113841214   3791.8415133542962
0.01503376   24375.26   0.58522967679843   3552.988096337947
0.01602391   21803.18   0.6545315514126746   3329.116829075259
0.01707791   19398.98   0.7293021683389532   3119.2750068164687
0.01819989   17168.13   0.8095336889856067   2922.570757900976
0.01939423   15114.38   0.895158786828141   2738.1773451780177
0.0206656   13239.58   0.9860599726436942   2565.3230502553183
0.02201897   11543.55   1.0820839973907428   2403.2875290083625
0.02345962   10024.0   1.1830647026667203   2251.3977335239565
0.02499319   8676.467   1.2888581741799277   2109.020170127146
0.02662566   7494.388   1.399382909568486   1975.56105991106
0.02836341   6469.175   1.5146753204183099   1850.4589074297376
0.03021325   5590.4   1.6349514940939445   1733.181584434182
0.03218238   4846.035   1.7606699221579725   1623.2276816643775
0.03427852   4222.767   1.8926068896586965   1520.1179371320964
0.03650984   3706.37   2.0319146048307197   1423.3994286244279
0.03888508   3282.113   2.1801794243670396   1332.6401945330435
0.0414135   2935.208   2.33944855974702   1247.4326352578985
0.04410499   2651.253   2.5122362647219796   1167.3908946647086
0.04697006   2416.665   2.701482291303886   1092.1535486370703
0.05001992   2219.07   2.910467351900287   1021.3837336824951
0.05326648   2047.636   3.1426690094176553   954.7717624776849
0.05672242   1893.321   3.4015668229041056   892.0358683056169
0.06040126   1749.023   3.6903979230797197   832.923056189892
0.06431735   1609.627   4.01186945342584   777.2106678302847
0.06848601   1471.945   4.367868973947248   724.7046663406549
0.07292353   1334.546   4.759181550630508   675.239095657732
0.07764725   1197.506   5.185270724665109   628.6729958283763
0.08267561   1062.078   5.644160113822444   584.886399824296
0.08802828   930.3206   6.1324702322890605   543.7744525703665
0.09372617   804.7131   6.645631899138814   505.24168544240297
0.09979154   687.7792   7.17831987788927   469.19488487812424
0.1062481   581.7558   7.7250958782857175   435.5362977946362
0.1131211   488.3289   8.281227716117169   404.157776788617
0.1204373   408.4561   8.84360373354932   374.9369694143814
0.1282254   342.2845   9.411677287286864   347.7339334696023
0.1365157   289.1675   9.988198298761468   322.3937005138496
0.1453408   247.769   10.579706059232457   298.74814188973465
0.154735   216.2373   11.196453502862864   276.6248521481057
0.1647351   192.4243   11.851829161725806   255.8542219495068
0.1753802   174.1191   12.561062517348635   236.28059200896888
0.1867118   159.2665   13.33934555259606   217.77228031331677
0.1987742   146.144   14.199539754319925   200.2295078822104
0.2116146   133.4792   15.149716346721407   183.58980738228172
0.2252831   120.4973   16.1909194499392   167.82919158188432
0.2398332   106.9007   17.31562091292758   152.9578852597239
0.2553216   92.79214   18.507171632017453   139.01224325706306
0.271809   78.55882   19.740664514895553   126.04194667985402
0.2893597   64.74013   20.985138392021565   114.0962670613027
0.3080424   51.89942   22.20716426678583   103.20928460891803
0.32793   40.51813   23.375250167899928   93.38807011282918
0.3491002   30.92344   24.464565041879897   84.60446301125036
0.3716358   23.25436   25.46112700164033   76.79258294911219
0.3956248   17.46409   26.364673578665997   69.85236117992099
0.4211609   13.35167   27.189580710978955   63.65837685554629
0.448344   10.61209   27.96343528313149   58.07274038878297
0.4772803   8.893345   28.723288072968206   52.95988945496345
0.5080827   7.849736   29.510105103989005   48.2006076884944
0.5408718   7.183149   30.36231473537812   43.702935269729124
0.5757756   6.668002   31.309537198597763   39.40851748737222
0.6129305   6.159154   32.367710358246626   35.29321781466801
0.6524817   5.585454   33.53646541129087   31.362618428546163
0.6945837   4.933656   34.799224065462596   27.643574035119745
0.739401   4.228116   36.12593241782572   24.1737130219925
0.7871088   3.511051   37.477830816058   20.990959806245332
0.8378935   2.826672   38.81330454706137   18.12485172989005
0.8919536   2.210754   40.09375329009293   15.590773679154468
0.9495002   1.685645   41.288472864058136   13.387598165794872
1.010758   1.259685   42.377862250389136   11.498437558358049
1.075967   0.929507   43.35461142261439   9.893787241974533
1.145382   0.6837355   44.22286742276963   8.536132554231138
1.219273   0.5068499   44.995812933086334   7.384881865598324
1.29793   0.3824574   45.69225809014588   6.400762683545432
1.38166   0.2955945   46.33279170598057   5.549272826903457
1.47079   0.2340133   46.93628932002095   4.802664336838742
1.565668   0.1886059   47.5172015153486   4.1405958891996235
1.666665   0.1532165   48.08396566774505   3.54962414897712
1.774177   0.124103   48.63862713883573   3.02189288958445
1.888622   0.09926909   49.17753322445394   2.553431430718302
2.010448   0.07782429   49.69291084475556   2.142352925937125
2.140131   0.05946379   50.174852456291696   1.7873427111276388
2.278178   0.04410144   50.613397586319465   1.4865398637334462
2.425129   0.03165128   51.00033311203974   1.2369102377482846
2.581557   0.02192916   51.330461330626605   1.0340808548381442
2.748073   0.01463709   51.602225176956146   0.8725295227033101
2.925329   0.009394654   51.81766923176753   0.7460120787208783
3.114017   0.005788038   51.98185444817924   0.6480843077673495
3.314875   0.003417239   52.1019313346736   0.5725913240548736
3.528686   0.001930443   52.1860749297677   0.5140511426157786
3.756288   0.001042327   52.24249771951353   0.46788272903634387
3.998568   0.0005378483   52.2786746292601   0.43048545647839365
4.256474   0.000265741   52.300866571907186   0.3991880199650731
4.531013   0.0001264778   52.31393198059505   0.37211723281415204
4.823259   5.877419e-05   52.32137574465268   0.3480269783039482
5.134353   2.733651e-05   52.325549435784396   0.32612688769463344
5.465511   1.318683e-05   52.327918638500364   0.30593321676594115
5.818027   6.819508e-06   52.32932954481476   0.28715412547677044
6.193278   3.809657e-06   52.33023374074104   0.26960944741362436
6.592731   2.241908e-06   52.33085470206228   0.2531796455729375
7.017946   1.336157e-06   52.33129757322737   0.23777647003448485
7.470585   7.798601e-07   52.3316134960483   0.22332742401722244
7.952417   4.360638e-07   52.33183247431305   0.20976861823102924
8.465324   2.305652e-07   52.331977288387804   0.19704180390640635
9.011311   1.143622e-07   52.33206767139219   0.1850931932776276
9.592511   5.291683e-08   52.332120544227706   0.1738730824256854
10.2112   2.273603e-08   52.33214938799947   0.1633354171890207
10.86978   9.03079e-09   52.332163997151625   0.1534378803295352
11.57084   3.301064e-09   52.332170838069985   0.14414071596617145
12.31712   1.105109e-09   52.33217378644429   0.13540715796839792
13.11153   3.370802e-10   52.33217495050248   0.1272029312748034
13.95717   9.315908e-11   52.332175369384295   0.11949590286682078
14.85735   2.318944e-11   52.33217550602313   0.11225585275818858
15.81558   5.16597e-12   52.33217554619086   0.10545452356531591
16.83562   1.022911e-12   52.33217555676607   0.0990652226192996
17.92145   1.787188e-13   52.332175559242806   0.09306303009841245
19.0773   2.733692e-14   52.3321755597551   0.08742455380189543
20.3077   3.63028e-15   52.33217555984797   0.0821276875348775
21.61746   4.14801e-16   52.3321755598626   0.07715173013561268
23.01168   4.039261e-17   52.33217555986459   0.0724773002290755
24.49583   3.31456e-18   52.332175559864815   0.06808605546883631
26.0757   2.2679e-19   52.33217555986484   0.06396086932029296
27.75746   1.288934e-20   52.33217555986484   0.06008562887725186
