0.0      1.2459E+20      1.2459E+20      9.0824E+22
1.0      1.2406E+08      1.2409E+08      9.0461E+10
2.0      8.3640E+06      7.7723E+06      5.6660E+09
3.0      1.3651E+06      1.5367E+06      1.1202E+09
4.0      3.9174E+05      4.8655E+05      3.5469E+08
5.0      1.5334E+05      1.9942E+05      1.4538E+08
6.0      5.4718E+04      9.6238E+04      7.0158E+07
7.0      1.6093E+04      5.1986E+04      3.7898E+07
8.0      8.2704E+03      3.0499E+04      2.2234E+07
9.0      1.0003E+04      1.9058E+04      1.3893E+07
10.0      1.0170E+04      1.2516E+04      9.1245E+06
11.0      6.9386E+03      8.5583E+03      6.2390E+06
12.0      3.0509E+03      6.0500E+03      4.4105E+06
13.0      1.2485E+03      4.3981E+03      3.2062E+06
14.0      2.0954E+03      3.2744E+03      2.3871E+06
15.0      4.2600E+03      2.4885E+03      1.8141E+06
16.0      5.9918E+03      1.9253E+03      1.4036E+06
17.0      6.3754E+03      1.5133E+03      1.1032E+06
18.0      5.6259E+03      1.2062E+03      8.7931E+05
19.0      4.5558E+03      9.7344E+02      7.0964E+05
20.0      3.8357E+03      7.9446E+02      5.7916E+05
21.0      3.6034E+03      6.5497E+02      4.7748E+05
22.0      3.5670E+03      5.4496E+02      3.9728E+05
23.0      3.3683E+03      4.5724E+02      3.3333E+05
24.0      2.8712E+03      3.8659E+02      2.8182E+05
25.0      2.1961E+03      3.2917E+02      2.3997E+05
26.0      1.5589E+03      2.8211E+02      2.0566E+05
27.0      1.0926E+03      2.4324E+02      1.7732E+05
28.0      7.8914E+02      2.1090E+02      1.5375E+05
29.0      5.6352E+02      1.8381E+02      1.3400E+05
30.0      3.5426E+02      1.6099E+02      1.1736E+05
31.0      1.6842E+02      1.4164E+02      1.0326E+05
32.0      5.2202E+01      1.2515E+02      9.1235E+04
33.0      3.2093E+01      1.1102E+02      8.0937E+04
34.0      8.4202E+01      9.8866E+01      7.2073E+04
35.0      1.5244E+02      8.8353E+01      6.4410E+04
36.0      1.9143E+02      7.9225E+01      5.7755E+04
37.0      1.9468E+02      7.1267E+01      5.1953E+04
38.0      1.8794E+02      6.4302E+01      4.6876E+04
39.0      1.9925E+02      5.8185E+01      4.2417E+04
40.0      2.3301E+02      5.2795E+01      3.8487E+04
41.0      2.6755E+02      4.8028E+01      3.5013E+04
42.0      2.7383E+02      4.3801E+01      3.1931E+04
43.0      2.3793E+02      4.0040E+01      2.9189E+04
44.0      1.7005E+02      3.6686E+01      2.6744E+04
45.0      9.6052E+01      3.3685E+01      2.4557E+04
46.0      4.0309E+01      3.0995E+01      2.2595E+04
47.0      1.2843E+01      2.8576E+01      2.0832E+04
48.0      7.9769E+00      2.6397E+01      1.9243E+04
49.0      1.2537E+01      2.4428E+01      1.7808E+04
50.0      1.6038E+01      2.2647E+01      1.6510E+04
51.0      1.6062E+01      2.1031E+01      1.5332E+04
52.0      1.6866E+01      1.9563E+01      1.4262E+04
53.0      2.3971E+01      1.8226E+01      1.3287E+04
54.0      3.9138E+01      1.7007E+01      1.2398E+04
55.0      5.8721E+01      1.5892E+01      1.1585E+04
56.0      7.5625E+01      1.4872E+01      1.0842E+04
57.0      8.3095E+01      1.3937E+01      1.0160E+04
58.0      7.8007E+01      1.3078E+01      9.5335E+03
59.0      6.2110E+01      1.2287E+01      8.9574E+03
60.0      4.0924E+01      1.1559E+01      8.4267E+03
61.0      2.1097E+01      1.0888E+01      7.9371E+03
62.0      7.5613E+00      1.0267E+01      7.4848E+03
63.0      1.8038E+00      9.6933E+00      7.0664E+03
64.0      1.9136E+00      9.1617E+00      6.6789E+03
65.0      4.2256E+00      8.6686E+00      6.3194E+03
66.0      5.5791E+00      8.2107E+00      5.9856E+03
67.0      4.9684E+00      7.7850E+00      5.6752E+03
68.0      3.7554E+00      7.3887E+00      5.3864E+03
69.0      4.4557E+00      7.0195E+00      5.1172E+03
70.0      8.9037E+00      6.6750E+00      4.8661E+03
71.0      1.6897E+01      6.3533E+00      4.6316E+03
72.0      2.6077E+01      6.0526E+00      4.4123E+03
73.0      3.3051E+01      5.7712E+00      4.2072E+03
74.0      3.5074E+01      5.5076E+00      4.0151E+03
75.0      3.1349E+01      5.2605E+00      3.8349E+03
76.0      2.3317E+01      5.0286E+00      3.6659E+03
77.0      1.3852E+01      4.8108E+00      3.5071E+03
78.0      5.9038E+00      4.6061E+00      3.3578E+03
79.0      1.2799E+00      4.4134E+00      3.2174E+03
80.0      1.2121E-01      4.2320E+00      3.0852E+03
81.0      1.2041E+00      4.0611E+00      2.9605E+03
82.0      2.7849E+00      3.8999E+00      2.8430E+03
83.0      3.5080E+00      3.7477E+00      2.7321E+03
84.0      2.9568E+00      3.6039E+00      2.6273E+03
85.0      1.6681E+00      3.4681E+00      2.5282E+03
86.0      7.0477E-01      3.3396E+00      2.4345E+03
87.0      1.0557E+00      3.2179E+00      2.3459E+03
88.0      3.1568E+00      3.1027E+00      2.2619E+03
89.0      6.7165E+00      2.9935E+00      2.1822E+03
90.0      1.0867E+01      2.8899E+00      2.1067E+03
91.0      1.4526E+01      2.7916E+00      2.0351E+03
92.0      1.6789E+01      2.6983E+00      1.9670E+03
93.0      1.7203E+01      2.6096E+00      1.9024E+03
94.0      1.5834E+01      2.5253E+00      1.8409E+03
95.0      1.3160E+01      2.4451E+00      1.7825E+03
96.0      9.8583E+00      2.3688E+00      1.7269E+03
97.0      6.5816E+00      2.2961E+00      1.6739E+03
98.0      3.8138E+00      2.2269E+00      1.6234E+03
99.0      1.8151E+00      2.1609E+00      1.5753E+03
100.0      6.4820E-01      2.0980E+00      1.5295E+03
101.0      2.4357E-01      2.0380E+00      1.4857E+03
102.0      4.6194E-01      1.9807E+00      1.4439E+03
103.0      1.1336E+00      1.9260E+00      1.4040E+03
104.0      2.0749E+00      1.8737E+00      1.3659E+03
105.0      3.0955E+00      1.8237E+00      1.3295E+03
106.0      4.0133E+00      1.7760E+00      1.2947E+03
107.0      4.6807E+00      1.7303E+00      1.2614E+03
108.0      5.0149E+00      1.6865E+00      1.2295E+03
109.0      5.0188E+00      1.6447E+00      1.1990E+03
110.0      4.7778E+00      1.6046E+00      1.1698E+03
111.0      4.4303E+00      1.5662E+00      1.1418E+03
112.0      4.1202E+00      1.5294E+00      1.1150E+03
113.0      3.9484E+00      1.4942E+00      1.0893E+03
114.0      3.9406E+00      1.4604E+00      1.0646E+03
115.0      4.0442E+00      1.4279E+00      1.0410E+03
116.0      4.1517E+00      1.3968E+00      1.0183E+03
117.0      4.1436E+00      1.3670E+00      9.9654E+02
118.0      3.9309E+00      1.3383E+00      9.7565E+02
119.0      3.4857E+00      1.3108E+00      9.5560E+02
120.0      2.8477E+00      1.2844E+00      9.3634E+02
121.0      2.1088E+00      1.2590E+00      9.1785E+02
122.0      1.3824E+00      1.2347E+00      9.0008E+02
123.0      7.6931E-01      1.2113E+00      8.8300E+02
124.0      3.3257E-01      1.1887E+00      8.6660E+02
125.0      8.7482E-02      1.1671E+00      8.5083E+02
126.0      8.1361E-03      1.1463E+00      8.3567E+02
127.0      4.5649E-02      1.1263E+00      8.2109E+02
128.0      1.5023E-01      1.1071E+00      8.0708E+02
129.0      2.8902E-01      1.0886E+00      7.9361E+02
130.0      4.5419E-01      1.0708E+00      7.8065E+02
131.0      6.6006E-01      1.0538E+00      7.6819E+02
132.0      9.3154E-01      1.0373E+00      7.5620E+02
133.0      1.2891E+00      1.0215E+00      7.4468E+02
134.0      1.7358E+00      1.0063E+00      7.3359E+02
135.0      2.2509E+00      9.9168E-01      7.2293E+02
136.0      2.7908E+00      9.7762E-01      7.1268E+02
137.0      3.2984E+00      9.6410E-01      7.0283E+02
138.0      3.7159E+00      9.5110E-01      6.9335E+02
139.0      3.9978E+00      9.3860E-01      6.8424E+02
140.0      4.1212E+00      9.2659E-01      6.7549E+02
141.0      4.0904E+00      9.1505E-01      6.6707E+02
142.0      3.9352E+00      9.0397E-01      6.5899E+02
143.0      3.7034E+00      8.9332E-01      6.5123E+02
144.0      3.4512E+00      8.8310E-01      6.4378E+02
145.0      3.2308E+00      8.7328E-01      6.3662E+02
146.0      3.0810E+00      8.6387E-01      6.2976E+02
147.0      3.0205E+00      8.5484E-01      6.2318E+02
148.0      3.0451E+00      8.4619E-01      6.1687E+02
149.0      3.1307E+00      8.3790E-01      6.1083E+02
150.0      3.2384E+00      8.2996E-01      6.0504E+02
151.0      3.3243E+00      8.2237E-01      5.9951E+02
152.0      3.3475E+00      8.1511E-01      5.9422E+02
153.0      3.2792E+00      8.0818E-01      5.8916E+02
154.0      3.1073E+00      8.0156E-01      5.8434E+02
155.0      2.8380E+00      7.9526E-01      5.7974E+02
156.0      2.4939E+00      7.8925E-01      5.7537E+02
157.0      2.1080E+00      7.8355E-01      5.7120E+02
158.0      1.7174E+00      7.7812E-01      5.6725E+02
159.0      1.3562E+00      7.7298E-01      5.6351E+02
160.0      1.0506E+00      7.6812E-01      5.5996E+02
161.0      8.1523E-01      7.6353E-01      5.5661E+02
162.0      6.5338E-01      7.5920E-01      5.5346E+02
163.0      5.5822E-01      7.5513E-01      5.5049E+02
164.0      5.1595E-01      7.5132E-01      5.4771E+02
165.0      5.0920E-01      7.4776E-01      5.4512E+02
166.0      5.2033E-01      7.4445E-01      5.4270E+02
167.0      5.3411E-01      7.4138E-01      5.4046E+02
168.0      5.3973E-01      7.3855E-01      5.3840E+02
169.0      5.3187E-01      7.3596E-01      5.3651E+02
170.0      5.1092E-01      7.3360E-01      5.3479E+02
171.0      4.8228E-01      7.3148E-01      5.3325E+02
172.0      4.5461E-01      7.2958E-01      5.3186E+02
173.0      4.3734E-01      7.2791E-01      5.3065E+02
174.0      4.3791E-01      7.2647E-01      5.2960E+02
175.0      4.5936E-01      7.2526E-01      5.2871E+02
176.0      4.9902E-01      7.2426E-01      5.2799E+02
177.0      5.4879E-01      7.2349E-01      5.2742E+02
178.0      5.9713E-01      7.2294E-01      5.2702E+02
179.0      6.3210E-01      7.2261E-01      5.2678E+02
180.0      6.4484E-01      7.2250E-01      5.2670E+02
