0   3.191922234487271e+20   3.1919221739028034e+20   3.910104663030934e+21
1   318146494.4610333   317934807.39623505   3894701390.603879
2   20042827.364409704   19913712.099828854   243942973.2229035
3   4582115.597044072   3937194.6779475794   48230634.80485786
4   1253436.1873844715   1246611.3080598617   15270988.52373331
5   430940.61740943784   510947.58955476386   6259107.9720458565
6   213492.10845048187   246576.61475119548   3020563.5307021444
7   119335.2709049084   133196.50353948493   1631657.1683586906
8   58945.61320189003   78142.43258706898   957244.7991915948
9   23241.800698358085   48828.79151003483   598152.6959979266
10   7590.356372398152   32068.9307806295   392844.40206271136
11   3720.0594501078535   21927.68897993103   268614.19000415504
12   4021.977185578754   15500.984774653623   189887.06348950687
13   4236.281870415347   11268.697112593882   138041.53962927507
14   3286.1189179078483   8389.584151234238   102772.40585261941
15   1793.8699771178192   6375.818723823133   78103.77936683338
16   647.8375621179782   4933.0180177598   60429.470717557546
17   241.52005070021585   3877.3231769422737   47497.20891754285
18   398.07781868988366   3090.4114478149863   37857.540235733584
19   681.2217815020047   2494.1023815865406   30552.75417443512
20   750.5087925436252   2035.517724693711   24935.092127497963
21   542.5658209754771   1678.1385536839562   20557.19728262846
22   233.58805371971644   1396.2668055988468   17104.268368585876
23   69.90728874092135   1171.5100897510065   14350.998599449827
24   197.8679333524485   990.5007777719482   12133.634527706366
25   588.3403188779341   843.3860226885253   10331.478777934435
26   1076.018287093918   722.8097240433328   8854.41911953083
27   1467.3844910240173   623.2146074270502   7634.378940981364
28   1645.0993753950168   540.3563669094275   6619.365494640487
29   1614.1212454726467   470.96062118223546   5769.267609482385
30   1476.8752560078199   412.47751879294697   5052.8496052136
31   1364.1387017142322   362.9040559215678   4445.574685039207
32   1365.409150169913   320.65396439989433   3928.0110638987053
33   1493.5359823755625   284.4614276517322   3484.6524887337187
34   1693.6852362687214   253.30912633813625   3103.0367976421694
35   1882.3805729584537   226.37396888607165   2773.0811188543776
36   1990.7376595266464   202.98580527242365   2486.57611458719
37   1990.1184128005902   182.59576179369702   2236.7980819727886
38   1892.5332588016174   164.75176820254785   2018.2091604812115
39   1732.6405541027013   149.07950638365662   1826.2239531997936
40   1545.5653840076757   135.26747784536315   1657.0266036056983
41   1352.9097707568615   123.0552235854919   1507.4264889222757
42   1161.4952165348946   112.22397364227996   1374.7436771179296
43   971.1937523860024   102.58918182715195   1256.7174773826114
44   784.1463469295118   93.99453244269277   1151.4330224229866
45   608.9461939642637   86.30710329131803   1057.262015318646
46   458.01169472046155   79.41344220808092   972.8146670489914
47   341.022522138085   73.21636927671739   896.9005236397882
48   259.31060854008086   67.63235852876834   828.496391977412
49   204.86443472507884   62.58938469384994   766.7199624996617
50   164.42364725264014   58.02514495160902   710.8080256572105
51   126.13789704367343   53.885584457585445   660.0984096054218
52   85.07163263912012   50.12366902451423   614.0149455502993
53   44.814027584943254   46.698359740239084   572.0549068179288
54   14.740292609712808   43.57375324366518   533.7784772348986
55   4.675126203232686   40.718358425773886   498.7998907157302
56   19.73110232101208   38.10448590115384   466.7799522891347
57   57.631462844478285   35.70773103215212   437.41970514386344
58   109.36536350959439   33.5065348315863   410.4550516869321
59   162.43802540968431   31.481809912438177   385.65217142736765
60   205.02065065428388   29.616620942038356   362.8036065399698
61   229.27125000455536   27.895910908818326   341.7249086330244
62   232.79232235102037   26.30626601135194   322.2517586390613
63   218.13816383708422   24.83571320231618   304.2374867283732
64   191.01785533601694   23.473545419380255   287.5509313874082
65   158.11562493819955   22.210170354493236   272.0745868425422
66   125.29459333087868   21.03697928716294   257.702996267746
67   96.56704991298375   19.946233063628494   244.34135502944906
68   73.83754095253869   18.930962764318682   231.90429386290387
69   57.20005299420353   17.98488298428665   220.31481655751142
70   45.51951077918121   17.102315969610444   209.5033706277279
71   37.0853921201049   16.27812511849387   199.4070327015499
72   30.20638595032398   15.507656578274052   189.96879308385712
73   23.668101435996697   14.78668785627045   181.13692623931306
74   16.99797069525753   14.111382519539946   172.8644358643644
75   10.499290441219799   13.478250191150401   165.10856484159243
76   5.054244630177698   12.884111162664519   157.83036174264035
77   1.7545110395016053   12.326065037521579   150.99429670963937
78   1.4744712090699335   11.801462900699867   144.56792053357339
79   4.525634105273652   11.307882578744698   138.52156158962256
80   10.504355964194719   10.84310661286277   132.82805600756896
81   18.375446569092382   10.405102617898168   127.46250706925258
82   26.749967867177048   9.99200574294051   122.40207035102124
83   34.25106514209207   9.602102986172035   117.62576158060743
84   39.841338137514555   9.233819148260071   113.11428456618586
85   43.01292503393716   8.885704235917489   108.84987688998923
86   43.801047954701566   8.556422150836216   104.81617134774365
87   42.646573475082   8.24474051959371   100.99807136502294
88   40.17845677147237   7.94952153780239   97.38163883807928
89   36.99964281728292   7.669713717107028   93.95399303456108
90   33.54165174483577   7.4043444369657685   90.70321935283067
91   30.016433817051357   7.152513214758356   87.61828688078984
92   26.455873020073103   6.913385617888247   84.68897381913102
93   22.803079028430123   6.686187750387943   81.90579994225232
94   19.01142104512757   6.470201254272507   79.25996536483822
95   15.115406512493191   6.264758772663562   76.74329496512863
96   11.25513616351346   6.069239827652674   74.34818788874527
97   7.655008008842047   5.883067071097906   72.06757162094934
98   4.571317678398693   5.705702871144642   69.89486017152187
99   2.2295637785389197   5.536646201312575   67.82391596607906
100   0.7710356523721493   5.3754298025644625   65.84901508141466
101   0.2220881022167927   5.221617591929438   63.964815501135625
102   0.49139921509354123   5.074802294046464   62.16632810206919
103   1.3929435621355246   4.934603274466914   60.448890112219715
104   2.6868952044254266   4.8006645557486864   58.80814080792142
105   4.127786052730322   4.672652999321594   57.23999924168952
106   5.5089432415757   4.550256637834886   55.740643813477355
107   6.694124075717937   4.4331831442380905   54.3064935169166
108   7.6307670929789895   4.321158425218972   52.9341907089324
109   8.343633395321579   4.213925327846504   51.620585266119676
110   8.911951863957052   4.111242449359877   50.36272000465848
111   9.436615425057537   4.012883041021546   49.15781725251394
112   10.005776309777962   3.918633997826789   48.00326647337817
113   10.666989139330342   3.8282949266452615   46.89661285140445
114   11.411968427681979   3.7416772860724143   45.835546754387074
115   12.176648395373597   3.658603591898833   44.81789400076071
116   12.855453989072512   3.578906682671935   43.84160686273121
117   13.325463293808154   3.5024290403336704   42.90475574408746
118   13.474205521195012   3.4290221613763787   42.005521476860636
119   13.224544850385174   3.3585459743719355   41.1421881860562
120   12.551349416085696   3.2908683001018906   40.313136676248156
121   11.486965844369227   3.225864350852482   39.51683829794291
122   10.115240079043572   3.163416265742225   38.75184925534225
123   8.556269663073131   3.103412679224445   38.016805320499465
124   6.945732093040669   3.0457483201557216   37.310416921907596
125   5.413261562645431   2.9903236390463794   36.631464578318145
126   4.063969668803563   2.937044461313279   35.97879465108766
127   2.966067651457523   2.88582166454038   35.35131539061966
128   2.146009510419351   2.8365708779206904   34.74799325452845
129   1.5910117616634045   2.7892122022060306   34.16784947702387
130   1.2575222060823188   2.743669948630049   33.60995687071811
131   1.083395225119926   2.6998723953963673   33.0734368436055
132   1.0012449970355883   2.6577515604389967   32.5574566153777
133   0.9506410079713102   2.6172429892671474   32.061226618522554
134   0.8873581160484868   2.578285556802398   31.58399807082937
135   0.7886375350613938   2.5408212822036162   31.125060706994297
136   0.6541978895690089   2.504795155754947   30.683740657998097
137   0.5034264441077204   2.4701549769652   30.2593984678237
138   0.3696908530082456   2.436851203093845   29.851427237899607
139   0.29299833638763134   2.4048368073799677   29.459250890404604
140   0.31229119299391994   2.374067146306594   29.08232254225578
141   0.45853714376863797   2.344499835284228   28.72012298223179
142   0.7495034814141884   2.316094632184551   28.372159244260754
143   1.1867576331237395   2.288813328198563   28.037963270432392
144   1.7550738285773704   2.2626196455331833   27.717090657781494
145   2.4240962488751334   2.237479141496948   27.40911948333761
146   3.151848474960556   2.2133591185590453   27.1136492023483
147   3.889506048164601   2.1902285399969337   26.830299614962446
148   4.586767446062888   2.1680579507763444   26.55870989701022
149   5.1971613094686155   2.1468194033337493   26.298537690838433
150   5.682699679825218   2.1264863879557145   26.0494582524575
151   6.01741036564339   2.107033767471959   25.811163651531498
152   6.189437955242641   2.088437715999689   25.5833620209962
153   6.201575167627311   2.070675661495896   25.365776853324725
154   6.070258532736809   2.0537262318921625   25.158146340678993
155   5.823220648626739   2.0375692046028426   24.960222756384823
156   5.496122629148609   2.0221854592128294   24.771771875357157
157   5.128583559290338   2.0075569331652097   24.59257243127382
158   4.760069973334889   1.9936665802823121   24.422415608458323
159   4.4261024736424455   1.9804983319658365   24.261104566581498
160   4.155178691016077   1.9680370609331945   24.108453996431628
161   3.9667080867560642   1.956268547357756   23.96428970513251
162   3.8701171157598355   1.9451794472906534   23.82844822931051
163   3.8651307245504753   1.9347572632510313   23.70077647482513
164   3.9430887480726575   1.9249903168803082   23.58113138178377
165   4.08903408451085   1.9158677235641508   23.469379613660845
166   4.284230631394803   1.9073793689334968   23.365397269435334
167   4.508743337394543   1.8995158871631257   23.26906961774829
168   4.743742221777821   1.8922686409930698   23.180290852165104
169   4.973269560297263   1.8856297034045486   23.098963866705724
170   5.185319420524216   1.8795918408881513   23.025000050879857
171   5.372200971596385   1.8741484982477628   22.958319103535093
172   5.530269777245065   1.8692937848891749   22.898848864892397
173   5.659195698695832   1.865022462547569   22.846525166207726
174   5.76097958544123   1.8613299344130447   22.801291696559794
175   5.838929811464571   1.8582122356181714   22.7630998863226
176   5.896769275940391   1.8556660250561747   22.73190880693814
177   5.937976765733143   1.8536885785028492   22.707685086659907
178   5.965391178195274   1.8522777830196404   22.69040284199059
179   5.981041144854527   1.851432132619584   22.680043624589903
