0   -0.9224925770781667   -0.3927462214633697
1   1.2614579400722445   -1.5585787722850515
2   -0.18230502101172033   -2.4206505874433306
3   0.9798705222211911   -3.081597409828801
4   -1.1042167587506353   -3.609585331594589
5   -0.045524741232573336   -4.04613630803073
6   0.6899470743855789   -4.4169604417277455
7   1.2005550489764292   -4.738651356357853
8   -1.2024114108968937   -5.0223920285648145
9   -0.5308631083546599   -5.276017830646351
10   -0.2069592073733838   -5.505205772948443
11   0.21869319794098957   -5.714188362415146
12   0.8547448057874043   -5.906199132986113
13   1.397336715235887   -6.083760732469978
14   -1.5153580673202307   -6.2488771726406025
15   -1.266611965438083   -6.403165755314967
16   -0.7514391084441584   -6.547949866181524
17   -0.13298353512264732   -6.684325689385397
18   0.4907537947170147   -6.813211117103482
19   1.0783665362711568   -6.935382236992234
20   -1.5330710579008597   -7.051500982470123
21   -1.07434692747901   -7.162136384598081
22   -0.6975989767755121   -7.267781116841451
23   -0.4099269761253921   -7.368864526351169
24   -0.21205174360361156   -7.465763007766294
25   -0.09413479366917504   -7.5588083424660555
26   -0.035367476472129906   -7.648294462727039
27   -0.011276283895825105   -7.734482983893866
28   -0.0030950336814913205   -7.81760776373741
29   -0.0007439281492636788   -7.897878686860515
30   -0.00015890049630451163   -7.975484826697455
31   -3.050311532954167e-05   -8.050597103800943
32   -5.308063357584257e-06   -8.123370533563866
33   -8.42931491931234e-07   -8.193946137062095
34   -1.2263731425433675e-07   -8.262452573748217
35   -1.620009191307853e-08   -8.329007543136106
36   -1.7160953126104911e-09   -8.39371899356484
37   1.0724596012261148e-10   -8.456686169009393
38   3.2042860595396836e-10   -8.51800051926483
39   3.4365908455087395e-10   -8.57774649433269
40   3.4602577232839697e-10   -8.636002240229807
