  0.0 1.2459E+20
  1.0 1.2416E+08
  2.0 7.7633E+06
  3.0 1.5277E+06
  4.0 4.8564E+05
  5.0 2.0146E+05
  6.0 9.8510E+04
  7.0 5.3652E+04
  8.0 3.1473E+04
  9.0 1.9488E+04
 10.0 1.2579E+04
 11.0 8.3985E+03
 12.0 5.7721E+03
 13.0 4.0709E+03
 14.0 2.9402E+03
 15.0 2.1715E+03
 16.0 1.6381E+03
 17.0 1.2608E+03
 18.0 9.8899E+02
 19.0 7.8979E+02
 20.0 6.4129E+02
 21.0 5.2878E+02
 22.0 4.4221E+02
 23.0 3.7461E+02
 24.0 3.2109E+02
 25.0 2.7818E+02
 26.0 2.4337E+02
 27.0 2.1482E+02
 28.0 1.9118E+02
 29.0 1.7142E+02
 30.0 1.5477E+02
 31.0 1.4063E+02
 32.0 1.2852E+02
 33.0 1.1808E+02
 34.0 1.0899E+02
 35.0 1.0103E+02
 36.0 9.3991E+01
 37.0 8.7715E+01
 38.0 8.2069E+01
 39.0 7.6944E+01
 40.0 7.2248E+01
 41.0 6.7906E+01
 42.0 6.3859E+01
 43.0 6.0055E+01
 44.0 5.6454E+01
 45.0 5.3025E+01
 46.0 4.9743E+01
 47.0 4.6587E+01
 48.0 4.3546E+01
 49.0 4.0608E+01
 50.0 3.7769E+01
 51.0 3.5025E+01
 52.0 3.2376E+01
 53.0 2.9823E+01
 54.0 2.7370E+01
 55.0 2.5020E+01
 56.0 2.2779E+01
 57.0 2.0650E+01
 58.0 1.8641E+01
 59.0 1.6755E+01
 60.0 1.4997E+01
 61.0 1.3372E+01
 62.0 1.1882E+01
 63.0 1.0530E+01
 64.0 9.3181E+00
 65.0 8.2458E+00
 66.0 7.3126E+00
 67.0 6.5165E+00
 68.0 5.8547E+00
 69.0 5.3231E+00
 70.0 4.9163E+00
 71.0 4.6284E+00
 72.0 4.4522E+00
 73.0 4.3799E+00
 74.0 4.4027E+00
 75.0 4.5116E+00
 76.0 4.6968E+00
 77.0 4.9482E+00
 78.0 5.2556E+00
 79.0 5.6085E+00
 80.0 5.9966E+00
 81.0 6.4097E+00
 82.0 6.8378E+00
 83.0 7.2713E+00
 84.0 7.7011E+00
 85.0 8.1187E+00
 86.0 8.5162E+00
 87.0 8.8865E+00
 88.0 9.2231E+00
 89.0 9.5205E+00
 90.0 9.7740E+00
 91.0 9.9799E+00
 92.0 1.0135E+01
 93.0 1.0238E+01
 94.0 1.0286E+01
 95.0 1.0281E+01
 96.0 1.0221E+01
 97.0 1.0109E+01
 98.0 9.9468E+00
 99.0 9.7360E+00
100.0 9.4801E+00
101.0 9.1828E+00
102.0 8.8479E+00
103.0 8.4798E+00
104.0 8.0830E+00
105.0 7.6625E+00
106.0 7.2229E+00
107.0 6.7692E+00
108.0 6.3062E+00
109.0 5.8386E+00
110.0 5.3711E+00
111.0 4.9078E+00
112.0 4.4529E+00
113.0 4.0101E+00
114.0 3.5827E+00
115.0 3.1738E+00
116.0 2.7858E+00
117.0 2.4210E+00
118.0 2.0810E+00
119.0 1.7673E+00
120.0 1.4806E+00
121.0 1.2214E+00
122.0 9.8998E-01
123.0 7.8592E-01
124.0 6.0868E-01
125.0 4.5736E-01
126.0 3.3078E-01
127.0 2.2758E-01
128.0 1.4614E-01
129.0 8.4729E-02
130.0 4.1489E-02
131.0 1.4475E-02
132.0 1.7073E-03
133.0 1.1945E-03
134.0 1.0972E-02
135.0 2.9129E-02
136.0 5.3839E-02
137.0 8.3378E-02
138.0 1.1615E-01
139.0 1.5070E-01
140.0 1.8572E-01
141.0 2.2009E-01
142.0 2.5282E-01
143.0 2.8312E-01
144.0 3.1036E-01
145.0 3.3407E-01
146.0 3.5394E-01
147.0 3.6980E-01
148.0 3.8162E-01
149.0 3.8948E-01
150.0 3.9358E-01
151.0 3.9419E-01
152.0 3.9166E-01
153.0 3.8639E-01
154.0 3.7883E-01
155.0 3.6943E-01
156.0 3.5866E-01
157.0 3.4699E-01
158.0 3.3485E-01
159.0 3.2264E-01
160.0 3.1074E-01
161.0 2.9947E-01
162.0 2.8908E-01
163.0 2.7978E-01
164.0 2.7173E-01
165.0 2.6501E-01
166.0 2.5965E-01
167.0 2.5565E-01
168.0 2.5292E-01
169.0 2.5137E-01
170.0 2.5085E-01
171.0 2.5119E-01
172.0 2.5221E-01
173.0 2.5371E-01
174.0 2.5550E-01
175.0 2.5738E-01
176.0 2.5918E-01
177.0 2.6076E-01
178.0 2.6197E-01
179.0 2.6274E-01
180.0 2.6300E-01
