0.9985321948332242 69614017.97649264
1.187727768591099 40603347.46230011
1.629184107359471 21887673.525861725
2.0496187157102987 12699786.519085627
2.3299084546108517 7534446.082155091
2.78537928032425 4610775.288977382
3.3109225407627854 2917395.830975775
3.7523788795311575 1881467.0567499392
4.437086670273938 1133507.9834964005
5.097769626253811 693517.0143061981
5.728421538780054 465840.6519164934
6.674399407569421 295891.7886356015
7.620377276358788 187228.41950119904
8.671463797235862 116677.8217879687
9.722550318112933 76700.50738286124
10.878745491077716 51033.88696095962
12.24515796821791 33381.98941346204
13.82178774953352 21196.12287414928
15.503526182936838 13835.22675297613
17.290373268427864 9185.0912915739
19.392546310182013 5957.720555687638
21.70493665611157 3910.1137533284195
24.017327002041135 2666.031994189969
26.329717347970693 1855.9988573231894
28.642107693900257 1344.651639259899
30.954498039829815 959.1015210295311
33.26688838575938 767.0425901352166
35.57927873168894 642.8449538540167
37.8916690776185 489.1862303605869
40.20405942354806 407.61567628899746
42.516449769477624 317.8054271193329
44.82884011540718 258.4612954654498
47.32141672205852 206.2990792339922
49.45362080726631 167.52458840362505
51.76601115319587 137.1115006095223
54.07840149912543 122.31220413681618
56.390791845055 105.94102213867588
58.703182190984556 94.670157397458
61.015572536914114 82.42644343309271
63.32796288284367 71.51776919301554
65.53524457668553 64.58429585941153
69.14397496503017 52.98219168512583
71.31622044150944 45.36263296671292
73.62861078743899 38.0836045053741
75.94100113336856 30.864993515804187
78.25339147929813 26.19842506734358
80.56578182522767 23.20913556070837
82.87817217115725 20.812007290770353
85.19056251708679 19.32100048650768
87.50295286301636 18.47339837190465
89.81534320894593 18.47748291065982
92.12773355487548 18.481568352522064
94.44012390080505 18.71139037984679
96.75251424673462 19.208681326147307
98.74957863640105 18.984684237304545
102.42838145947081 19.28587222202048
104.74077180540036 18.15428638837234
107.05316215132993 17.02993599472904
109.3655524972595 15.646257248103586
111.67794284318907 14.103424121041758
113.99033318911862 12.32208192872147
116.30272353504819 10.453027082963022
118.61511388097773 8.50603751327075
120.9275042269073 6.662631750695629
123.23989457283687 4.997335753430286
125.55228491876642 3.5582814071250466
127.86467526469599 2.5248523704093504
130.17706561062556 1.877429118140383
132.4894559565551 1.695238008714342
134.80184630248468 2.014317207848826
137.63977990885277 2.912830258352276
139.84706160269462 4.100430102239746
142.1594519486242 5.892628917014859
144.47184229455374 8.438839138017341
146.7842326404833 11.081657655390092
149.09662298641288 13.81451981195592
151.40901333234243 16.925306373498522
153.721403678272 20.239269692906824
156.03379402420157 23.82735575760359
158.3461843701311 27.18956670584683
160.65857471606068 30.598805220988154
162.97096506199023 33.961150651169206
165.2833554079198 37.10932343465098
167.59574575384937 39.80625643812315
169.90813609977891 42.35507816915714
172.2205264457085 44.24124077193208
174.53291679163806 45.81249556670498
176.8453071375676 46.54330839062836
178.84237152723404 46.06640573698192
