0   6.6461383059153895e+19   6.646137832750934e+19   1.2112586200188577e+22
1   68193079.42357357   66199563.66921251   12064870478.713982
2   4037034.7262819256   4146381.6523871385   755678056.1475561
3   711991.8051050591   819792.4973846761   149407182.6483572
4   180524.27557577097   259566.18381774065   47305937.00078324
5   33500.70825033931   106388.18619254394   19389246.93359113
6   16582.516509675035   51341.54527225868   9356996.625869144
7   9635.661532544613   27733.83162665014   5054490.813956986
8   2668.946998506224   16270.61529902837   2965319.63824792
9   1874.1614002066233   10167.004735756194   1852936.6130915664
10   1560.4543203872595   6677.309862364542   1216939.7224159378
11   162.98828918441268   4565.726711817788   832103.6932287917
12   999.7186495434872   3227.5749765463647   588225.539475575
13   3101.799651637918   2346.3389808858774   427620.27926645114
14   3490.2128296450796   1746.8575231704056   318364.7835978065
15   3214.2621308093144   1327.5564918724433   241947.17064375285
16   4537.416197409847   1027.1402587923426   187196.31216490443
17   6329.458364350811   807.3262082254882   147135.2014490952
18   6523.00760499188   643.4774823151812   117273.77115194178
19   5778.02109268459   519.3155501266074   94645.25901057418
20   5617.975155013347   423.8302384039867   77243.06094912656
21   5560.764123257059   349.4176713149552   63681.370597150584
22   4467.2865344890015   290.7270646250838   52985.00752792154
23   2782.532738287213   243.9288022935578   44456.0242180009
24   1627.7653525978162   206.23951129955785   37587.15093434442
25   1057.5819163518238   175.60765731797028   32004.49554620008
26   532.2819666091642   150.50157212858593   27428.911520434784
27   88.73400936982515   129.76413442059268   23649.513498153014
28   43.357189223744626   112.51160578559731   20505.24015442511
29   245.81534708476195   98.062203012549   17871.836499037054
30   359.0264440638866   85.88500262389279   15652.541728204458
31   407.931815030352   75.56294434240604   13771.3466064035
32   557.6032202083582   66.76573951093467   12168.05602586784
33   698.8530823645558   59.22982307437951   10794.635255305666
34   622.9880184989757   52.74337142996514   9612.479443111146
35   374.5676488410926   47.13500257821501   8590.354219879686
36   162.79344226166262   42.26517961379181   7702.828984613558
37   68.41544654068129   38.019617473105114   6929.075284473408
38   26.402504319706853   34.30418725794746   6251.9381277609245
39   3.230274230516399   31.040949418036313   5657.21303143712
40   36.97488648925777   28.1650445427258   5133.079367911777
41   131.11466889720722   25.622240531923023   4669.65333694297
42   214.55188157348198   23.366985669754996   4258.633138312848
43   222.73477052252025   21.360854225926403   3893.0156826750867
44   167.92518621340133   19.571298550029677   3566.8691607429096
45   107.78362917279954   17.970641925715018   3275.1494909615617
46   70.74838172263321   16.53526163649434   3013.5514332510925
47   41.4959022909003   15.244923131433215   2778.3872407037034
48   11.214712437675024   14.082234849310893   2566.4873012869098
49   3.8233524189426613   13.032199874528176   2375.11842713276
50   35.80104979640631   12.081845674896725   2201.9163742499286
51   78.77256679442931   11.219917090445938   2044.829889733772
52   90.89720951377136   10.436620784296542   1902.0741379380445
53   70.71757928658386   9.723411740253374   1772.0917896611772
54   51.06800290731084   9.072814253286843   1653.520397661527
55   47.38560128473456   8.478271326088075   1545.1649491795515
56   42.33510290316074   7.934017546409472   1445.974697833126
57   23.20980350980975   7.4349714436899434   1355.0235456124924
58   6.149205445589791   6.976644061352782   1271.4933801815448
59   10.746838769499686   6.555061073017878   1194.6598805575081
60   29.526257029572413   6.166696247498122   1123.880391106533
61   39.215533060424995   5.808414452770191   1058.5835340173676
62   32.94881677406387   5.477422701778566   998.2602873991434
63   25.18859415908479   5.171227997562438   942.4563025557545
64   27.073132037450485   4.887600943283244   890.7652719133711
65   31.309163919822474   4.62454425335671   842.8231901742606
66   25.773467506091954   4.380265442257265   798.3033768513866
67   12.389733791236281   4.153153083396124   756.9121494489435
68   4.486609841108957   3.941756126356257   718.3850540284278
69   8.900696434533955   3.744765840368694   682.4835744071944
70   18.24486603660812   3.5610000181899655   648.9922533151213
71   21.661308614954432   3.3893891298732433   617.7161689193986
72   17.684614705760907   3.2289641622482277   588.4787185697394
73   13.264368063429359   3.0788459188049853   561.1196687022086
74   13.113371070905245   2.9382355873940695   535.4934358025693
75   14.423984863781213   2.8064064107540143   511.467568359919
76   12.18788978002985   2.682696318214202   488.92140399453837
77   6.357475276418434   2.566501396700885   467.74487954873626
78   1.787244646991907   2.457270095976228   447.8374749916677
79   2.379057432016064   2.354498077345316   429.1072745961837
80   7.10597388344925   2.2577236272707917   411.47013107010173
81   11.636329431222443   2.166523567769625   394.8489202260142
82   12.566023740144788   2.0805096044062785   379.1728754030443
83   9.796548246263042   1.999325060370721   364.376992252564
84   5.7844563010709535   1.9226419517301168   350.4014957028138
85   3.216079281830238   1.8501583646307513   337.19136195395447
86   3.0457124510503766   1.7815961001370058   324.69588924996924
87   4.063851457106443   1.7166985566407769   312.8683119477816
88   4.217156669562852   1.6552288234539407   301.6654530744807
89   2.672985373974886   1.5969679623894861   291.0474111454839
90   0.7597583460934777   1.5417134569126114   280.97727752232345
91   0.7268935012039077   1.4892778108600595   271.42088102924583
92   3.4412836678041554   1.4394872808337587   262.3465569319525
93   7.362021491871222   1.3921807282160352   253.72493771737246
94   9.853916804052155   1.3472085783643695   245.52876340690636
95   9.46095621714606   1.3044318759548004   237.73270939276236
96   6.8888163120122625   1.263721426681297   230.3132300126664
97   3.9820820992527564   1.2249570166063082   223.24841627649974
98   2.0325215068223654   1.1880267014149555   216.51786633287566
99   1.1008575720221316   1.1528261586687654   210.10256741738252
100   0.6304579834771193   1.1192580968989634   203.98478815983606
101   0.30320434333173923   1.087231716036721   198.1479802476924
102   0.2011444755759561   1.0566622142592526   192.57668854874876
103   0.40173523792058435   1.0274703368456835   187.25646889012586
104   0.7360855963405974   0.9995819630932941   182.17381277375284
105   1.0156516345191116   0.9729277277502318   177.31607838247976
106   1.3257693603330762   0.9474426737812239   172.67142729662802
107   1.9198675133979293   0.9230659336035456   168.22876639924618
108   2.8148452903991887   0.8997404362163111   163.9776945004227
109   3.6045198855049168   0.8774126379010153   159.90845325746005
110   3.7625445800026895   0.8560322743988779   156.01188200919552
111   3.12983409333129   0.83555213267396   152.27937617982923
112   2.0677505734782837   0.8159278405530982   148.70284894080217
113   1.1288733749158069   0.7971176726967497   145.27469584898262
114   0.6028536541470071   0.7790823715010774   141.98776220607138
115   0.3834581484303431   0.7617849816628302   138.8353129080508
116   0.22643959568877997   0.7451906972564983   135.81100457499682
117   0.07023751631209915   0.729266720279251   132.90885977089349
118   0.08084056505918615   0.7139821297146353   130.12324314049226
119   0.416044308053787   0.6993077602520004   127.4488393059271
120   0.9973946848786452   0.6852160898761916   124.88063237993592
121   1.539933036206728   0.6716811356120508   122.41388696529626
122   1.8011670742310097   0.6586783567715297   120.04413052161131
123   1.7896910822488377   0.646184565108403   117.7671369910065
124   1.7306310560797455   0.6341778413373351   115.57891158372931
125   1.8335486288092104   0.6226374575209415   113.47567663319161
126   2.090537256071485   0.6115438048709819   111.45385843773646
127   2.28539342393438   0.6008783265483878   109.5100750134437
128   2.188907267328393   0.5906234550818434   107.64112468866595
129   1.754960501951026   0.5807625540564487   105.84397547678778
130   1.1523098540318593   0.571279863752945   104.11575516897426
131   0.6250289040170416   0.5621604504443058   102.45374209347473
132   0.31619944959353874   0.5533901590804988   100.85535649242091
133   0.19904969266544442   0.5449555691140798   99.31815247104105
134   0.15071892056613656   0.5368439532392406   97.83981047785161
135   0.08424977571510926   0.5290432388351332   96.41813027770303
136   0.02198616669718324   0.5215419719209337   95.05102438259017
137   0.05952913401097564   0.5143292834453154   93.73651190790873
138   0.2655493434971891   0.5073948577469233   92.47271282437676
139   0.6087166393245657   0.5007289030351735   91.25784257816038
140   0.9703581664483365   0.4943221237523745   90.09020705387024
141   1.2269437781298327   0.4881656946888742   88.96819785704731
142   1.3336698813856604   0.4822512367327483   87.89028789454339
143   1.3468369095026194   0.4765707941445646   86.8550272328469
144   1.3749757850274862   0.4711168132560334   85.86103921591209
145   1.5005829075258843   0.46588212249897937   84.90701682543899
146   1.7279329510038457   0.4608599136780665   83.99171926782763
147   1.985607923303833   0.456043724407164   83.11396877320564
148   2.172706056612157   0.4514274216351835   82.27264759301218
149   2.214534328662976   0.4470051861926972   81.46669518361907
150   2.0963655664814937   0.442771498295707   80.69510556439259
151   1.8625465832002017   0.43872112394760227   79.95692483945052
152   1.5879335219060655   0.43484910218466183   79.25124887315462
153   1.3402780006446942   0.4311507331144441   78.57722111010742
154   1.1532910725373913   0.42762156670011425   77.93403053109581
155   1.0217612451889921   0.42425739224716874   77.32090973704652
156   0.9167538477080927   0.42105422855220437   76.73713315363926
157   0.8082768860846273   0.418008314676316   76.18201534975859
158   0.6813909073182911   0.4151161013084564   75.65490946346617
159   0.5392400047809092   0.4123742426866287   75.15520572963808
160   0.3959415292034153   0.40977958904715917   74.68233010384476
161   0.266833913901144   0.40732917957450804   74.2357429774541
162   0.16206068700406012   0.4050202358261391   73.81493797931385
163   0.08523989146284754   0.4028501556088972   73.4194408597215
164   0.03541777191979331   0.400816507285149   73.04880845271842
165   0.009139188433311454   0.39891702448863786   72.70262771305426
166   0.000771576778176302   0.39714960123158455   72.3805148244563
167   0.0023301447257913924   0.39551228738607475   72.0821143761121
168   0.005667053610030554   0.39400328452416683   71.80709860452939
169   0.006954213103988396   0.3926209421025033   71.55516669818124
170   0.008499204543721689   0.39136375397845485   71.32604416257341
171   0.013685467110118933   0.39023035524603283   71.11948224358947
172   0.019812572226556725   0.3892195193809395   70.93525740717622
173   0.02088716637904599   0.38833015568521656   70.7731708736307
174   0.024634297013063144   0.3875613070229902   70.63304820493994
175   0.06784340356592415   0.38691214783981404   70.5147389438061
176   0.20450294432723548   0.38638198245907257   70.418116303166
177   0.46125250008454405   0.385970243649845   70.34307690518426
178   0.7919564242682396   0.3856764914615276   70.28954056886339
179   1.07838150114371   0.3855004123214079   70.25745014557661
