0   nan   2.0428301912977936e+20   9.307645059100574e+21
1   nan   203478276.73359033   9270978983.67421
2   nan   12744775.74389046   580683844.8310091
3   nan   2519804.593886451   114808596.80895142
4   nan   797831.2371583113   36351185.74302556
5   nan   327006.4573150487   14899231.711416908
6   nan   157809.033440765   7190174.086144856
7   nan   85245.76226527031   3884010.0432113796
8   nan   50011.15685572413   2278633.3342389306
9   nan   31250.426566422288   1423847.5604326152
10   nan   20524.115699602873   935130.0215631558
11   nan   14033.720947155853   639411.4106547885
12   nan   9920.630255778315   452008.7160288994
13   nan   7211.966152060081   328595.2078032375
14   nan   5369.333856789911   244640.27384999034
15   nan   4080.5239832468037   185918.8739866825
16   nan   3157.1315313662717   143846.80539787575
17   nan   2481.486833243054   113062.74383963666
18   nan   1977.8633266015904   90116.39781828495
19   nan   1596.2255242153853   72728.02544706351
20   nan   1302.7313438039744   59355.6968520686
21   nan   1074.0086743577315   48934.52022542413
22   nan   893.6107555832617   40715.14005126236
23   nan   749.7664574406438   34161.234217139325
24   nan   633.9204977740465   28883.002679829995
25   nan   539.767054520656   24593.136421597388
26   nan   462.59822338773273   21077.131553103576
27   nan   398.85734875331184   18172.937952572775
28   nan   345.82807482203344   15756.791659078901
29   nan   301.41479755663056   13733.21171367398
30   nan   263.9856120274859   12027.844448002328
31   nan   232.2585957898033   10582.282270672913
32   nan   205.21853721593226   9350.269601900914
33   nan   182.05531369710852   8294.895230324508
34   nan   162.11784085640716   7386.494124020053
35   nan   144.8793400870858   6601.064932717848
36   nan   129.9109153743511   5919.06608174387
37   nan   116.86128754796607   5324.492413904204
38   nan   105.44113164963058   4804.161560786293
39   nan   95.4108840855402   4347.158406147426
40   nan   86.57118582103234   3944.399653970787
41   nan   78.75534309471479   3588.290319752942
42   nan   71.82334313105916   3272.4510714088824
43   nan   65.65707636937722   2991.5005420797493
44   nan   60.15650076332335   2740.8805660289204
45   nan   55.23654610644353   2516.7151319748336
46   nan   50.82460301317178   2315.695974787639
47   nan   46.85847633709911   2134.989328109078
48   nan   43.28470945841172   1972.159574698884
49   nan   40.057206204063945   1825.1064576726635
50   nan   37.136092769029744   1692.013226788918
51   nan   34.48677405285468   1571.303642783191
52   nan   32.07914817568909   1461.6061887548342
53   nan   29.886950233752998   1361.7241700253712
54   nan   27.88720207594571   1270.6106445852765
55   nan   26.05974939249528   1187.3473316955663
56   nan   24.38687097673845   1111.1268088776458
57   nan   22.852947860577352   1041.2374368975557
58   nan   21.444182292215224   977.0505556890562
59   nan   20.14835834396042   918.0095770466969
60   nan   18.954637402904545   863.6206666698382
61   nan   17.85338298164372   813.444762101142
62   nan   16.836010247265236   767.0907168910222
63   nan   15.894856449482354   724.2093969795396
64   nan   15.02306906840336   684.4885844291281
65   nan   14.21450902687567   647.6485675370227
66   nan   13.463666743784277   613.4383160136712
67   nan   12.765589160722232   581.6321561354067
68   nan   12.115816169163953   552.0268742075326
69   nan   11.510325109943453   524.4391878217986
70   nan   10.945482220550677   498.7035336738402
71   nan   10.418000075836074   474.6701284552811
72   nan   9.924900210095391   452.20326582247117
73   nan   9.463480228013088   431.1798178888463
74   nan   9.031284812505566   411.4879142697848
75   nan   8.626080122336253   393.02577557394557
76   nan   8.24583114410529   375.70068150329735
77   nan   7.888681624013809   359.4280564941292
78   nan   7.552936256447912   344.130658184408
79   nan   7.237044850396604   329.7378559961953
80   nan   6.939588232232171   316.1849888310783
81   nan   6.6592656754548285   303.41279233791056
82   nan   6.394883675481925   291.36688746414524
83   nan   6.145345911150102   279.9973230767764
84   nan   5.909644254886442   269.25816636326357
85   nan   5.686850710987191   259.1071355193539
86   nan   5.476110176535176   249.50526991838393
87   nan   5.2766339325399745   240.41663355135256
88   nan   5.087693784193529   231.80804804231767
89   nan   4.908616778948496   223.64885199084083
90   nan   4.7387804396580915   215.91068378192176
91   nan   4.577608457445348   208.5672853423536
92   nan   4.424566795448478   201.59432461762128
93   nan   4.279160160248283   194.96923480131238
94   nan   4.140928802734404   188.67106857458623
95   nan   4.009445614504678   182.6803658108694
96   nan   3.8843134896977096   176.97903337435193
97   nan   3.765162925502659   171.55023579321488
98   nan   3.651649837532569   166.37829572257766
99   nan   3.543453568840048   161.44860323027467
100   nan   3.4402750736412546   156.74753304277968
101   nan   3.3418352588348395   152.26236898066236
102   nan   3.2478734681897365   147.9812348943949
103   nan   3.158146095658825   143.8930314834552
104   nan   3.072425315679158   139.98737844563163
105   nan   2.990497919565819   136.25456146021762
106   nan   2.9121642482143257   132.68548355926524
107   nan   2.837237212312377   129.27162048598265
108   nan   2.76554139214014   126.00497967938514
109   nan   2.696912209821761   122.87806256000398
110   nan   2.63119516759032   119.88382982333397
111   nan   2.5682451462537883   117.01566947618825
112   nan   2.507925758609144   114.26736737662915
113   nan   2.450108753052966   111.63308006097574
114   nan   2.394673463086345   109.10730966187158
115   nan   2.3415062988152524   106.68488073976995
116   nan   2.2905002769100373   104.36091886671359
117   nan   2.2415545858135486   102.1308308161298
118   nan   2.1945741832808814   99.99028622573515
119   nan   2.149469423598038   97.93520061268559
120   nan   2.1061557120652097   95.9617196309711
121   nan   2.064553184545588   94.06620447085832
122   nan   2.024586410075023   92.24521830904325
123   nan   1.9861841147036448   90.49551372618481
124   nan   1.9492789248996611   88.81402101574082
125   nan   1.9138071289896819   87.19783731459239
126   nan   1.8797084552404975   85.64421649189518
127   nan   1.8469258653058431   84.15055973799748
128   nan   1.815405361869241   82.71440680016728
129   nan   1.785095809411859   81.33342781632781
130   nan   1.7559487671232312   80.00541570205222
131   nan   1.7279183330536745   78.72827904975803
132   nan   1.7009609986809577   77.50003550240112
133   nan   1.6750355131309738   76.31880556703
134   nan   1.6501027563535342   75.18280683635787
135   nan   1.626125620610314   74.09034858905743
136   nan   1.603068899683166   73.03982674181424
137   nan   1.5808991852577272   72.02971912830519
138   nan   1.5595847699800607   71.05858108221652
139   nan   1.5390955567231792   70.12504130319985
140   nan   1.5194029736362202   69.22779798630029
141   nan   1.5004798945819053   68.36561519688809
142   nan   1.4823005645981122   67.53731947450149
143   nan   1.4648405300470797   66.74179665027005
144   nan   1.4480765731412373   65.97798886374763
145   nan   1.4319866505580463   65.24489176605097
146   nan   1.4165498358777886   64.54155189718173
147   nan   1.4017462655980377   63.86706422631058
148   nan   1.3875570884968598   63.220569844638185
149   nan   1.3739644181335988   62.6012538012121
150   nan   1.3609512882916568   62.00834307278861
151   nan   1.3485016111820534   61.44110465948232
152   nan   1.336600138239801   60.89884379855093
153   nan   1.3252324233573731   60.38090228922032
154   nan   1.3143847884109838   59.886656921975444
155   nan   1.3040442909458188   59.41551800621886
156   nan   1.2941986938962105   58.96692799064609
157   nan   1.284836437225734   58.54036017109751
158   nan   1.275946611380679   58.135317481032196
159   nan   1.267518932458135   57.75133136012377
160   nan   1.259543718997244   57.38796069681193
161   nan   1.2520118703089638   57.04479084095215
162   nan   1.2449148462660178   56.72143268299545
163   nan   1.2382446484806597   56.41752179640007
164   nan   1.2319938028033968   56.13271764022974
165   nan   1.2261553430810566   55.86670281913063
166   nan   1.2207227961174374   55.61918239810074
167   nan   1.2156901677844   55.38988326967673
168   nan   1.2110519302355642   55.178553571357895
169   nan   1.2068030101789105   54.98496215127661
170   nan   1.2029387781684167   54.80889808029848
171   nan   1.199455038878568   54.65017020890476
172   nan   1.1963480223290721   54.50860676736834
173   nan   1.1936143760304438   54.3840550078871
174   nan   1.1912511580243481   54.276380887484365
175   nan   1.1892558307956298   54.18546879062587
176   nan   1.1876262560359512   54.111221290638035
177   nan   1.1863606902418233   54.053558949143074
178   nan   1.1854577811325693   54.01242015285269
179   nan   1.1849165648765332   53.98776098718704
