0   3.191922234753041e+20   3.1919221739028034e+20   3.910104663030934e+21
1   318218118.9816566   317934807.39623505   3894701390.603879
2   20024982.8991396   19913712.099828854   243942973.2229035
3   4582614.097727373   3937194.6779475794   48230634.80485786
4   1256855.4254533856   1246611.3080598617   15270988.52373331
5   431704.3744394797   510947.58955476386   6259107.9720458565
6   212937.76310427778   246576.61475119548   3020563.5307021444
7   118809.8241286716   133196.50353948493   1631657.1683586906
8   58826.74222367397   78142.43258706898   957244.7991915948
9   23395.43502472574   48828.79151003483   598152.6959979266
10   7787.868953979816   32068.9307806295   392844.40206271136
11   3818.6895971233853   21927.68897993103   268614.19000415504
12   3990.5881686811967   15500.984774653623   189887.06348950687
13   4116.6854557093875   11268.697112593882   138041.53962927507
14   3143.885591117537   8389.584151234238   102772.40585261941
15   1682.6322367668563   6375.818723823133   78103.77936683338
16   593.1368204092612   4933.0180177598   60429.470717557546
17   241.1382262911672   3877.3231769422737   47497.20891754285
18   432.23998458010044   3090.4114478149863   37857.540235733584
19   725.7957533118603   2494.1023815865406   30552.75417443512
20   787.8833531064979   2035.517724693711   24935.092127497963
21   567.2424633384358   1678.1385536839562   20557.19728262846
22   251.93153329563515   1396.2668055988468   17104.268368585876
23   95.43496535556216   1171.5100897510065   14350.998599449827
24   244.57869239660522   990.5007777719482   12133.634527706366
25   664.7613194041519   843.3860226885253   10331.478777934435
26   1181.9754051106456   722.8097240433328   8854.41911953083
27   1594.2812659656408   623.2146074270502   7634.378940981364
28   1779.1579735390735   540.3563669094275   6619.365494640487
29   1741.047718479405   470.96062118223546   5769.267609482385
30   1586.0750961994522   412.47751879294697   5052.8496052136
31   1450.9948390107813   362.9040559215678   4445.574685039207
32   1431.0402217974663   320.65396439989433   3928.0110638987053
33   1542.4890326883917   284.4614276517322   3484.6524887337187
34   1730.7693662812856   253.30912633813625   3103.0367976421694
35   1910.0447228323433   226.37396888607165   2773.0811188543776
36   2008.0104266908907   202.98580527242365   2486.57611458719
37   1993.373063548081   182.59576179369702   2236.7980819727886
38   1877.5606552949826   164.75176820254785   2018.2091604812115
39   1697.026732371928   149.07950638365662   1826.2239531997936
40   1490.344237308714   135.26747784536315   1657.0266036056983
41   1282.8531302694623   123.0552235854919   1507.4264889222757
42   1084.0056244051577   112.22397364227996   1374.7436771179296
43   894.3129176064018   102.58918182715195   1256.7174773826114
44   714.4756969938041   93.99453244269277   1151.4330224229866
45   550.2203321943432   86.30710329131803   1057.262015318646
46   410.74008776966735   79.41344220808092   972.8146670489914
47   303.1820275602414   73.21636927671739   896.9005236397882
48   227.7083415061302   67.63235852876834   828.496391977412
49   176.61729144129214   62.58938469384994   766.7199624996617
50   138.0464967904324   58.02514495160902   710.8080256572105
51   101.94207709059421   53.885584457585445   660.0984096054218
52   64.84755192455997   50.12366902451423   614.0149455502993
53   31.004672697272873   46.698359740239084   572.0549068179288
54   9.439362190697592   43.57375324366518   533.7784772348986
55   8.786191600000832   40.718358425773886   498.7998907157302
56   32.52680664724112   38.10448590115384   466.7799522891347
57   76.80251707444941   35.70773103215212   437.41970514386344
58   131.49974524209378   33.5065348315863   410.4550516869321
59   183.76146359159807   31.481809912438177   385.65217142736765
60   222.18138445810914   29.616620942038356   362.8036065399698
61   239.96702415728834   27.895910908818326   341.7249086330244
62   236.10207692223116   26.30626601135194   322.2517586390613
63   214.51187870048102   24.83571320231618   304.2374867283732
64   181.9694038228491   23.473545419380255   287.5509313874082
65   145.73217599659245   22.210170354493236   272.0745868425422
66   111.70707413471703   21.03697928716294   257.702996267746
67   83.51560541010068   19.946233063628494   244.34135502944906
68   62.42139943077675   18.930962764318682   231.90429386290387
69   47.838920653416274   17.98488298428665   220.31481655751142
70   38.09307909577203   17.102315969610444   209.5033706277279
71   31.175550226139755   16.27812511849387   199.4070327015499
72   25.352627577117072   15.507656578274052   189.96879308385712
73   19.560260717095712   14.78668785627045   181.13692623931306
74   13.563408580080072   14.111382519539946   172.8644358643644
75   7.881063144867715   13.478250191150401   165.10856484159243
76   3.50985909611553   12.884111162664519   157.83036174264035
77   1.5229467902948461   12.326065037521579   150.99429670963937
78   2.6596521116337617   11.801462900699867   144.56792053357339
79   7.030678065598468   11.307882578744698   138.52156158962256
80   14.029621502238312   10.84310661286277   132.82805600756896
81   22.472400513132637   10.405102617898168   127.46250706925258
82   30.908308855174838   9.99200574294051   122.40207035102124
83   37.99128276621867   9.602102986172035   117.62576158060743
84   42.788548872967056   9.233819148260071   113.11428456618586
85   44.93748972168741   8.885704235917489   108.84987688998923
86   44.6231323204671   8.556422150836216   104.81617134774365
87   42.4117646078593   8.24474051959371   100.99807136502294
88   39.01738683889509   7.94952153780239   97.38163883807928
89   35.08556305395059   7.669713717107028   93.95399303456108
90   31.056823309697993   7.4043444369657685   90.70321935283067
91   27.132800755108274   7.152513214758356   87.61828688078984
92   23.32977609365168   6.913385617888247   84.68897381913102
93   19.579450210727927   6.686187750387943   81.90579994225232
94   15.830936890722828   6.470201254272507   79.25996536483822
95   12.11859284521716   6.264758772663562   76.74329496512863
96   8.579802411126922   6.069239827652674   74.34818788874527
97   5.426613095182114   5.883067071097906   72.06757162094934
98   2.8888183982288007   5.705702871144642   69.89486017152187
99   1.151104037644242   5.536646201312575   67.82391596607906
100   0.30408605977798586   5.3754298025644625   65.84901508141466
101   0.3214255504418718   5.221617591929438   63.964815501135625
102   1.0661215904238786   5.074802294046464   62.16632810206919
103   2.3212647437609397   4.934603274466914   60.448890112219715
104   3.8354726053107346   4.8006645557486864   58.80814080792142
105   5.371308597476779   4.672652999321594   57.23999924168952
106   6.745849195210942   4.550256637834886   55.740643813477355
107   7.85549070241304   4.4331831442380905   54.3064935169166
108   8.681226066318027   4.321158425218972   52.9341907089324
109   9.275103873996652   4.213925327846504   51.620585266119676
110   9.732557229715248   4.111242449359877   50.36272000465848
111   10.158014064915138   4.012883041021546   49.15781725251394
112   10.63215968605182   3.918633997826789   48.00326647337817
113   11.188266935114322   3.8282949266452615   46.89661285140445
114   11.802423327926316   3.7416772860724143   45.835546754387074
115   12.39894198808854   3.658603591898833   44.81789400076071
116   12.868635495868041   3.578906682671935   43.84160686273121
117   13.09482777512153   3.5024290403336704   42.90475574408746
118   12.980596775992364   3.4290221613763787   42.005521476860636
119   12.470993226788517   3.3585459743719355   41.1421881860562
120   11.565650998374752   3.2908683001018906   40.313136676248156
121   10.319749638194926   3.225864350852482   39.51683829794291
122   8.83401689640998   3.163416265742225   38.75184925534225
123   7.2367178397093905   3.103412679224445   38.016805320499465
124   5.661919122396889   3.0457483201557216   37.310416921907596
125   4.228576597783337   2.9903236390463794   36.631464578318145
126   3.024276521422912   2.937044461313279   35.97879465108766
127   2.0960685070895213   2.88582166454038   35.35131539061966
128   1.4491610307720204   2.8365708779206904   34.74799325452845
129   1.0526912312196668   2.7892122022060306   34.16784947702387
130   0.8506164046801092   2.743669948630049   33.60995687071811
131   0.7751573125998246   2.6998723953963673   33.0734368436055
132   0.760169057655332   2.6577515604389967   32.5574566153777
133   0.7522286405136864   2.6172429892671474   32.061226618522554
134   0.7179487132939738   2.578285556802398   31.58399807082937
135   0.6468736334855436   2.5408212822036162   31.125060706994297
136   0.5501210304431384   2.504795155754947   30.683740657998097
137   0.4555755783326807   2.4701549769652   30.2593984678237
138   0.40085074998795023   2.436851203093845   29.851427237899607
139   0.42538926507026875   2.4048368073799677   29.459250890404604
140   0.5629973735125591   2.374067146306594   29.08232254225578
141   0.8358568908872347   2.344499835284228   28.72012298223179
142   1.2507014829798815   2.316094632184551   28.372159244260754
143   1.7974505392466738   2.288813328198563   28.037963270432392
144   2.4502269873471367   2.2626196455331833   27.717090657781494
145   3.170389357422477   2.237479141496948   27.40911948333761
146   3.911007697153011   2.2133591185590453   27.1136492023483
147   4.622114172845968   2.1902285399969337   26.830299614962446
148   5.256053816195194   2.1680579507763444   26.55870989701022
149   5.772329610249003   2.1468194033337493   26.298537690838433
150   6.141456689386873   2.1264863879557145   26.0494582524575
151   6.347491723459398   2.107033767471959   25.811163651531498
152   6.389066128726957   2.088437715999689   25.5833620209962
153   6.2789107578123   2.070675661495896   25.365776853324725
154   6.042005812893438   2.0537262318921625   25.158146340678993
155   5.712614747118841   2.0375692046028426   24.960222756384823
156   5.330556585711606   2.0221854592128294   24.771771875357157
157   4.9371315913296225   2.0075569331652097   24.59257243127382
158   4.571136089161024   1.9936665802823121   24.422415608458323
159   4.265379000472213   1.9804983319658365   24.261104566581498
160   4.044044700231477   1.9680370609331945   24.108453996431628
161   3.921140867657957   1.956268547357756   23.96428970513251
162   3.9001371696117637   1.9451794472906534   23.82844822931051
163   3.9747553300954848   1.9347572632510313   23.70077647482513
164   4.130732709761062   1.9249903168803082   23.58113138178377
165   4.34827065263296   1.9158677235641508   23.469379613660845
166   4.60481090264424   1.9073793689334968   23.365397269435334
167   4.877766931730824   1.8995158871631257   23.26906961774829
168   5.146874740057339   1.8922686409930698   23.180290852165104
169   5.395913009031187   1.8856297034045486   23.098963866705724
170   5.613658330101078   1.8795918408881513   23.025000050879857
171   5.794066481931572   1.8741484982477628   22.958319103535093
172   5.935785463761874   1.8692937848891749   22.898848864892397
173   6.041191131081603   1.865022462547569   22.846525166207726
174   6.115177230820908   1.8613299344130447   22.801291696559794
175   6.163925720562014   1.8582122356181714   22.7630998863226
176   6.193838539312853   1.8556660250561747   22.73190880693814
177   6.2107406091422614   1.8536885785028492   22.707685086659907
178   6.21938228164394   1.8522777830196404   22.69040284199059
179   6.223199019652687   1.851432132619584   22.680043624589903
