0   2.8054004344742517e+20   2.80540034815676e+20   1.0099441253364334e+22
1   285589665.41430455   279434889.31309706   10059656015.271494
2   17289549.345038284   17502286.02524019   630082296.9086468
3   3960707.107335418   3460425.009914864   124575300.3569351
4   1048947.2890657044   1095654.4699744878   39443560.91908156
5   444291.83766227134   449075.0298821164   16166701.075756192
6   222592.2140386101   216717.72780866775   7801838.201112039
7   84939.18033866258   117067.23943900038   4214420.619804013
8   23408.489306687996   68679.87239097855   2472475.4060752285
9   11362.735577707454   42915.93003811652   1544973.4813721953
10   13466.216895911824   28185.583693912627   1014681.0129808548
11   12251.647065741992   19272.382892517497   693805.7841306299
12   6949.891054879825   13623.912399597908   490460.8463855246
13   2140.820687840614   9904.128321615712   356548.6195781655
14   270.8906347128214   7373.657945420711   265451.68603514566
15   578.3513446931707   5603.746925235172   201734.88930846626
16   1231.0108824436104   4335.660367171697   156083.7732181811
17   1232.1774260408868   3407.8035734844184   122680.92864543907
18   741.6041097157687   2716.181936556138   97782.54971602099
19   329.8908155843763   2192.082171316295   78914.9581673866
20   255.06772126527738   1789.0292502190807   64405.05300788691
21   348.9491287504422   1474.9264631987885   53097.35267515639
22   357.61762070755003   1227.1876221083605   44178.75439590099
23   254.12839111763623   1029.6475398202197   37067.31143352791
24   233.67840418627733   870.5573242136255   31340.063671690525
25   478.1272869754794   741.2572465035862   26685.260874129108
26   965.4151728534922   635.28198402246   22870.151424808566
27   1494.0131519715285   547.7472135589305   19718.8996881215
28   1862.157988527524   474.9225881039888   17097.2131717436
29   2016.6341990911394   413.9302334609489   14901.488404594162
30   2049.991542193191   362.52906925161324   13051.046493058075
31   2080.6720477991894   318.95864289981535   11482.511144393353
32   2143.578930791092   281.8247733983444   10145.6918423404
33   2182.3406580520964   250.01492664703005   9000.537359293083
34   2127.1175557903102   222.63497432062752   8014.859075542591
35   1970.3045846632804   198.96149609127377   7162.613859285857
36   1771.3827453831968   178.40549291521603   6422.597744947775
37   1597.6383891528017   160.4845562639914   5777.444025503692
38   1463.7441753827939   144.80135877177048   5212.848915783738
39   1325.141446616021   131.02690990751063   4716.968756670382
40   1125.6755692841705   118.88743170002613   4279.947541200941
41   853.0485233186438   108.15400510443618   3893.544183759703
42   554.6044148250476   98.63435183403509   3550.8366660252623
43   304.3264693891631   90.16627309027021   3245.985831249728
44   152.08070947462969   82.6123820297104   2974.045753069575
45   95.63120685151365   75.85585250213497   2730.810690076859
46   92.55200513473922   69.7969706906961   2512.690944865059
47   96.8064506590434   64.35032455961486   2316.611684146135
48   89.6428533447641   59.44250261317528   2139.93009407431
49   84.38551461871336   55.01020139107903   1980.367250078845
50   107.17508322547643   50.99866255512507   1835.9518519845028
51   171.849151599307   47.36037696467467   1704.973570728288
52   267.1135696185593   44.05400597857694   1585.9442152287697
53   362.0008102400068   41.04348024044449   1477.5652886560015
54   422.70587366068986   38.297244061815086   1378.700786225343
55   428.84097655715766   35.78761971015282   1288.3543095655014
56   380.6993768334885   33.49027081156098   1205.6497492161948
57   296.2154163564682   31.383747977477437   1129.8149271891875
58   201.5567391961865   29.449102879323878   1060.1677036556594
59   120.64457223408311   27.66955949335385   996.1041417607388
60   67.54985517754736   26.030233249838393   937.0883969941821
61   43.678693591643764   24.51789044720359   882.6440560993292
62   39.94168965500696   23.120741611539778   832.3466980154319
63   42.643874319658146   21.828263556723197   785.817488042035
64   40.55660026470351   20.631045778752163   742.717648035078
65   30.051709897928387   19.520657538128816   702.7436713726373
66   15.960866972313442   18.489532576608045   665.6231727578896
67   7.925072962331203   17.530868903579726   631.1112805288701
68   14.365218030805188   16.63854149207696   598.9874937147705
69   37.41066135315622   15.807026060408182   569.0529381746945
70   71.41880657897143   15.031332395165416   541.1279662259549
71   105.58232520439917   14.306945904926247   515.0500525773449
72   128.90207487046732   13.62977628949867   490.67194642195216
73   134.78299671829106   12.996112373675194   467.86004545230696
74   123.0994197040381   12.4025822925644   446.4929625323184
75   99.19169972048553   11.846118332065775   426.46025995436787
76   70.83825696299625   11.323925826560604   407.6613297561818
77   44.97117778981886   10.833455599384195   390.00440157783095
78   25.596586666358576   10.372379502568235   373.4056620924565
79   13.457693147124122   9.938568672724827   357.7884722180937
80   7.058947930134044   9.530074171461413   343.0826701726109
81   4.192206308786471   9.145109722762058   329.22395001943414
82   3.15720171701049   8.782036297506304   316.153306710227
83   3.2575370002571398   8.439348327690263   303.8165397968495
84   4.59942072132423   8.115661360775448   292.16380898791607
85   7.5156427351611255   7.809700988599353   281.14923558957673
86   12.00885798099451   7.520292906008387   270.7305446163019
87   17.49523344847938   7.246353972299158   260.86874300276963
88   22.92656955797028   6.986884164084129   251.52782990702866
89   27.176463769253562   6.740959321676095   242.67453558033938
90   29.468394342723553   6.507724602801943   234.2780857008699
91   29.631868074795545   6.286388567658709   226.30998843571348
92   28.07881227104017   6.07621782822209   218.7438418159952
93   25.538009743655255   5.8765322024894004   211.5551592896184
94   22.698474566286112   5.686700321137943   204.7212115609659
95   19.941315351419277   5.50613564003633   198.22088304130793
96   17.27694876416051   5.334292817272854   192.03454142182278
97   14.489929908487653   5.1706644179571395   186.14391904645703
98   11.38955935205381   5.014777914091966   180.5320049073108
99   8.022052125100853   4.866192950372378   175.1829462134056
100   4.734112077195884   4.72449884991017   170.08195859676613
101   2.0628533202952246   4.589312336656731   165.2152441196423
102   0.5154125379311093   4.460275453751772   160.56991633506385
103   0.3500665944835284   4.337053659199435   156.13393173117964
104   1.4611065884642926   4.219334082200993   151.8960269592357
105   3.41405977823018   4.106823925184991   147.84566130665968
106   5.607585718248144   3.9992489980970647   143.97296393149435
107   7.486698455630283   3.896352372865506   140.26868542315822
108   8.718547096782872   3.7978931471651096   136.72415329794396
109   9.266832867582266   3.70364530767759   133.33123107639324
110   9.348127823520768   3.6133966840077014   130.08228062427725
111   9.30069194173904   3.526947985272841   126.97012746982226
112   9.425504747911036   3.444111912152449   123.9880288374882
113   9.86196640128344   3.3647123378718096   121.12964416338515
114   10.540149442005093   3.288583552212081   118.38900787963493
115   11.218588137981234   3.2155695631923322   115.76050427492397
116   11.584890369885345   3.1455234515671293   113.23884425641664
117   11.376848197057832   3.078306773730764   110.8190438543075
118   10.479264430522022   3.013789009022206   108.49640432479944
119   8.964905815680703   2.9518470477878322   106.26649372036196
120   7.070319256053459   2.892364716886426   104.12512980791135
121   5.120061879463896   2.8352323396164376   102.06836422619176
122   3.4285677340004534   2.7803463273125004   100.09246778325002
123   2.213140581427934   2.7276088000996097   98.19391680358594
124   1.544458398346766   2.6769272345118633   96.36938044242709
125   1.3462299829532516   2.6282141358806053   94.61570889170181
126   1.4389522045924263   2.5813867335761222   92.92992240874041
127   1.6096140709905473   2.536366697349942   91.3092011045979
128   1.6833029982684926   2.4930798731724795   89.75087543420926
129   1.5748363665428995   2.451456037095143   88.25241733542516
130   1.3070101005034107   2.4114286657881276   86.8114319683726
131   0.9934299834329883   2.3729347225163373   85.42565001058814
132   0.7944398988662962   2.335914457417086   84.09292046701506
133   0.8614796027627013   2.300311221035578   82.8112039572808
134   1.286904447954651   2.266071290158356   81.57856644570083
135   2.073122141460012   2.233143705061771   80.39317338222374
136   3.1283552027336725   2.201480117362746   79.25328422505885
137   4.288571910772696   2.171034647723319   78.15724731803948
138   5.358278316133722   2.141763752719198   77.10349509789114
139   6.158535820074673   2.113626100236299   76.09053960850676
140   6.569552423596584   2.0865824528085293   75.11696830110705
141   6.557407064354296   2.0605955583552773   74.18144010078996
142   6.179080881759712   2.035630047818452   73.28268172146427
143   5.5656825779504935   2.0116523392370165   72.41948421253262
144   4.889110221922006   1.9886305478318993   71.59069972194835
145   4.321112473502681   1.966534401706301   70.79523846142685
146   3.9949850968610328   1.9453351627960347   70.03206586065724
147   3.9787900055525793   1.9250055527316794   69.30019989834045
148   4.265506133259567   1.9055196832995203   68.59870859878272
149   4.780933455675088   1.8868529912113021   67.92670768360689
150   5.405740350792394   1.8689821769142005   67.28335836891122
151   6.004933228894836   1.8518851471921505   66.66786529891743
152   6.4569709826840525   1.835540961327851   66.07947460780265
153   6.675854332506064   1.819929780611627   65.51747210201857
154   6.6222683919484115   1.80503282099897   64.98118155596293
155   6.303280864691403   1.7908323087329667   64.4699631143868
156   5.763117096163707   1.7773114387612745   63.9832117954059
157   5.06930017535107   1.7644543357897344   63.52035608843043
158   4.298604014598987   1.7522460178262493   63.08085664174498
159   3.5260321805430284   1.7406723620793476   62.66420503485651
160   2.818061343518382   1.7297200730858144   62.26992263108932
161   2.2295035595960018   1.7193766529511523   61.897559506241485
162   1.8022314178038212   1.7096303735953005   61.54669344943081
163   1.5639769606003033   1.700470250904226   61.216929032552144
164   1.5262995334119058   1.6918860206955824   60.90789674504095
165   1.6820996008116522   1.6838681164138036   60.61925219089693
166   2.0040908321245476   1.6764076484767052   60.35067534516139
167   2.4459336040604756   1.6694963852019649   60.101869867270736
168   2.947126578586596   1.6631267352478143   59.87256246892132
169   3.4414915885982578   1.6572917315079037   59.662502334284525
170   3.8676962794889285   1.6519850164056014   59.47146059060165
171   4.179323210011256   1.6472008285380717   59.29922982737059
172   4.351913923203949   1.6429339906252511   59.14562366250904
173   4.385246384728812   1.639179898723448   59.010476354044144
174   4.300535051731435   1.635934512667714   58.893642456037696
175   4.13373278856074   1.6331943477112831   58.794996517606194
176   3.927111383694955   1.6309564673345276   58.71443282404299
177   3.7214638294110585   1.6292184771997684   58.651865179191674
178   3.550610969318392   1.627978520232105   58.607226728355776
179   3.4387407174922258   1.6272352728101802   58.58046982116649
