0   2.872730071859891e+19   2.8727299565125222e+19   1.0341827843445081e+21
1   29047412.590544358   28614132.665661134   1030108775.963801
2   1404861.716954417   1792234.0889845958   64520427.203445464
3   239141.62329177553   354347.5210152821   12756510.756550156
4   25132.41547652843   112195.01772538756   4039020.6381139513
5   31756.778007073623   45985.28305992873   1655470.190157434
6   31622.11904780039   22191.89532760758   798908.2317938729
7   9607.662729747532   11987.68531855364   431556.671467931
8   6825.777940794944   7032.818932836205   253181.4815821034
9   18694.168366400132   4394.5912359031345   158205.2844925128
10   20907.401991810995   2886.2037702566545   103903.33572923955
11   13106.16056801045   1973.4920081937917   71045.71229497649
12   8371.465089109419   1395.0886297188258   50223.190669877724
13   8485.663678040853   1014.182740133449   36510.57864480416
14   7225.391422334038   755.0625736110812   27182.25264999892
15   3657.2896194710966   573.8236851440819   20657.652665186946
16   1118.2439731279917   443.97162159838194   15982.978377541753
17   418.73026785945365   348.95908592480447   12562.527093292962
18   224.06523912985114   278.1370303033486   10012.93309092055
19   177.95741787154665   224.46921434278855   8080.891716340389
20   533.2237483379964   183.1965952224339   6595.077428007621
21   937.896394746028   151.03246983155597   5437.168913936015
22   989.6482709137662   125.66401250389619   4523.904450140261
23   784.897511457092   105.4359080775905   3795.692690793258
24   523.4777355969425   89.14506999947531   3209.222519981111
25   269.64276188895417   75.90474204196725   2732.570713510821
26   87.7282199908934   65.05287516389994   2341.9035059003977
27   24.858273998659975   56.08931466843448   2019.2153280636417
28   54.55533514770448   48.63207302184847   1750.7546287865446
29   143.80153816651332   42.38645590640118   1525.9124126304425
30   243.98254966664254   37.12297669136521   1336.4271608891474
31   264.4216803887611   32.66136503294109   1175.8091411858795
32   184.38801429732845   28.858856795990473   1038.918844655657
33   92.8634210340475   25.601528488655887   921.6550255916119
34   46.508500522091765   22.79782137043226   820.7215693355614
35   17.881336106493055   20.373657199746447   733.4516591908719
36   3.927195050354309   18.26872247451812   657.6740090826523
37   37.63448242584398   16.433618561432727   591.6102682115783
38   90.66079863174124   14.827659138229302   533.795728976255
39   96.85792904118047   13.417155574529092   483.01760068304736
40   59.95531957254777   12.174073006082676   438.2666282189763
41   33.87475494308964   11.074970122694266   398.69892441699363
42   26.934759091149765   10.100157627805192   363.60567460098696
43   12.904868297924756   9.23302636444367   332.3889491199722
44   0.11086091027534717   8.459507919842347   304.5422851143245
45   13.38562772085229   7.767639296218621   279.6350146638704
46   37.657444707543284   7.147209798727281   257.2995527541821
47   39.914126895560635   6.589473234904562   237.22103645656426
48   23.39079675293692   6.086912267589148   219.1288416332093
49   14.149767062775691   5.6330446224464925   202.78960640807372
50   14.785787505989573   5.222263045644808   188.00146964321308
51   9.764215117879461   4.849702601182687   174.58929364257676
52   0.8784863941876286   4.511130212206279   162.40068763942602
53   3.5417323269005623   4.202852376621515   151.30268555837458
54   16.118435461734574   3.9216377919298653   141.17896050947516
55   20.95327045914943   3.664652258319649   131.92748129950738
56   13.222387130339248   3.4294037311038457   123.45853431973843
57   6.189461532468039   3.21369579289369   115.69304854417284
58   7.26240825286476   3.015588134842766   108.56117285433957
59   8.248257682888278   2.8333628921194354   102.00106411629964
60   3.3251549795513324   2.6654958847834513   95.95785185220426
61   0.09497088481175942   2.5106319817936478   90.38275134457135
62   5.271558549178575   2.3675639410216736   85.23230187678024
63   11.985238563388483   2.235214188208456   80.4677107755044
64   10.75206674860314   2.112619087744223   76.05428715879202
65   4.42227042934503   1.998915331904391   71.96095194855806
66   2.3240312252543602   1.8933281358446643   68.15981289040792
67   5.122029509415675   1.7951609757265636   64.6257951261563
68   5.594234435378459   1.7037866487886808   61.336319356392515
69   1.88829010344835   1.6186394685857985   58.27102086908874
70   0.2429019396159652   1.5392084372649388   55.41150374153779
71   3.949674881621072   1.465031260664448   52.74112538392012
72   7.799593302503586   1.3956890920446643   50.24480731360791
73   6.4189586213334655   1.3308019070643404   47.90886865431625
74   2.209563397979769   1.2700244267585952   45.72087936330942
75   0.9085585265242615   1.2130425172035355   43.66953061932728
76   2.980935688912867   1.1595700046398063   41.74452016703304
77   4.007337536574742   1.1093458533769418   39.936450721569905
78   2.0284445457276608   1.0621316610629876   38.23673979826756
79   0.11004266320831561   1.0177094320870224   36.637539555132804
80   1.225808650232384   0.975879595157649   35.131665425675365
81   3.926083199091182   0.9364592356108351   33.71253248199006
82   4.713041409455017   0.8992805168646457   32.374098607127245
83   2.833305486124182   0.8641892687554829   31.11081367519739
84   0.7652579038640245   0.8310437233434059   29.91757404036262
85   0.6036992143003211   0.7997133812325736   28.789681724372656
86   1.691334141303941   0.7700779935752592   27.722807768709327
87   2.078019281038908   0.7420266467634338   26.712959283483617
88   1.1548410977511199   0.7154569384022149   25.756449782479738
89   0.11748175180478204   0.6902742345396322   24.84987244342676
90   0.2714505644501907   0.6663909993269189   23.99007597576908
91   1.5465687869490752   0.6437261893282519   23.174142815817074
92   2.7104869293023888   0.6222047056099422   22.39936940195792
93   2.692649102427258   0.6017568975349148   21.663248311256933
94   1.570674714869552   0.5823181128845254   20.96345206384292
95   0.39923353252207766   0.5638282895397203   20.29781842342993
96   0.1650574970472395   0.5462315844887404   19.664337041594656
97   0.8648914962328388   0.5294760363988114   19.061137310357214
98   1.5761253594668567   0.5135132584030174   18.48647730250863
99   1.4526325767111243   0.4982981581181318   17.93873369225274
100   0.6205743828111808   0.4837886822308015   17.41639256030885
101   0.01630709311276968   0.46994558327364927   16.918040997851374
102   0.3483924479400415   0.4567322064641817   16.442359432710543
103   1.332367292934257   0.4441142947020222   15.988114609272799
104   2.0144210084387817   0.4320598100173817   15.554153160625738
105   1.7701680173375445   0.4205387699389432   15.139395717801957
106   0.8789286035328939   0.40952309740513954   14.742831506585022
107   0.14773987416573758   0.39898648298142797   14.363513387331407
108   0.10827880659677795   0.38890425826970726   14.000553297709462
109   0.6321511044729297   0.3792532795061852   13.653118062222669
110   1.207393804016129   0.37001182044238884   13.320425535925995
111   1.431486988360452   0.361159473691939   13.001741052909804
112   1.2322066394440632   0.35267705980441094   12.696374152958793
113   0.771338142703315   0.34454654339807333   12.40367556233064
114   0.2860550685727991   0.3367509557465173   12.123034406874623
115   0.014627753436972202   0.3292743232708949   11.853875637752216
116   0.13401896262310659   0.32210160144047406   11.595657651857062
117   0.6429394966231383   0.3152186136300302   11.34787009068109
118   1.2931639251352556   0.308611994523874   11.110031802859464
119   1.7087675038893235   0.30226913769347413   10.881688956965066
120   1.6474035756414098   0.2961781470091701   10.662413292330124
121   1.1772395098622663   0.29032779157672317   10.451800496762036
122   0.6020275323934403   0.28470746391680013   10.249468701004805
123   0.21007032733728412   0.27930714113020005   10.055057080687202
124   0.08285487301711932   0.27411734881401484   9.868224557304535
125   0.11391145408718448   0.269129127514174   9.688648590510265
126   0.17005356890060633   0.26433400151819497   9.51602405465502
127   0.21140111104049764   0.2597239498086341   9.35006219311083
128   0.27091351924142726   0.255291379012862   9.190489644463032
129   0.35836469905320406   0.25102909819854263   9.037047535147536
130   0.4176364262151828   0.2469302953767044   8.889490633561357
131   0.3829821612692793   0.24298851558567297   8.747586561084228
132   0.2610948735683652   0.23919764043950964   8.611115055822347
133   0.14145936285520921   0.23555186903404324   8.479867285225556
134   0.12047089159122248   0.2320457001122157   8.353645204039765
135   0.21600812620669307   0.22867391539832538   8.232260954339713
136   0.3548156392132693   0.22543156401794517   8.115536304646026
137   0.4397749782148185   0.2223139479268679   8.003302125367245
138   0.4305865209363358   0.21931660827844604   7.895397898024059
139   0.36740559503425696   0.21643531266419708   7.791671255911095
140   0.3250155667518808   0.21366604316759344   7.691977554033363
141   0.3446067416617908   0.21100498517558045   7.596179466320896
142   0.4018210870472002   0.2084485168966095   7.504146608277942
143   0.43286363547136664   0.20599319953787054   7.4157551833633395
144   0.39163183614493613   0.20363576809798647   7.330887651527513
145   0.2886193827584928   0.2013731227347252   7.249432418450108
146   0.18093826336143223   0.199202320670314   7.171283544131304
147   0.12490397658724252   0.197120568599724   7.096340469590066
148   0.1329844388649687   0.19512521556987095   7.0245077605153545
149   0.17018036206571882   0.19321374630003738   6.955694866801346
150   0.18854059490499667   0.19138377491601424   6.889815896976511
151   0.16676058269278912   0.18963303907247628   6.826789406609147
152   0.12242281106498631   0.18795939443997198   6.766538199838992
153   0.09222368768938677   0.1863608095346306   6.708989143246703
154   0.10144682786186868   0.18483536087029456   6.654072991330604
155   0.14697747689370344   0.18338122841425578   6.601724222913208
156   0.20254573981263208   0.1819966913291546   6.551880887849565
157   0.2381738701674574   0.18068012398486888   6.504484463455279
158   0.23909800751754662   0.17942999222540798   6.459479720114688
159   0.21271359044883564   0.1782448498769252   6.416814595569308
160   0.18104423989326646   0.17712333548398748   6.376440077423548
161   0.16584671700727946   0.17606416926219803   6.338310093439128
162   0.17753259784733472   0.17506615025615876   6.3023814092217165
163   0.21403736658671074   0.1741281536925928   6.26861353293334
164   0.2663315607323846   0.17324912851922764   6.236968626692194
165   0.323130360487128   0.17242809512077353   6.207411424347849
166   0.3719936482913946   0.17166414320401466   6.179909155344529
167   0.40046712708237625   0.17095642984468126   6.154431474408526
168   0.4008597619010871   0.17030417768937625   6.130950396817545
169   0.37618007234600476   0.1697066733064093   6.109440239030736
170   0.340578451558825   0.16916326567993362   6.089877564477609
171   0.3110669114441012   0.16867336484229867   6.07224113432275
172   0.295887598176283   0.16823644064002574   6.056511863040927
173   0.290413439801797   0.16785202162928117   6.042672778654122
174   0.28671213342158297   0.16751969409717396   6.0307089874982625
175   0.28924483257048056   0.16723910120563537   6.020607643402874
176   0.31900743733672543   0.16700994225505567   6.012357921182003
177   0.39575187052509403   0.1668319720652564   6.00595099434923
178   0.5108050625611037   0.16670500047176756   6.0013800169836315
179   0.6187325742285515   0.16662889193576247   5.998640109687449
