0   1.2468445832814872e+20   1.2468445991807823e+20   9.089497128027902e+22
1   124156766.58190024   124193284.13915424   90536904137.44345
2   8371598.209562498   7778793.788995641   5670740672.177822
3   1366927.1199075454   1537966.6710732728   1121177703.2124157
4   392278.81152707885   486957.54221088346   354992048.271734
5   153522.21404717205   199588.90216982953   145500309.68180576
6   54763.119407474216   96318.99013718565   70216543.81000836
7   16084.45347132126   52029.88419511127   37929785.578236125
8   8254.166453104264   30524.387729323797   22252278.654677056
9   10001.330055395196   19073.746683607347   13904761.332349753
10   10185.060901238192   12526.926086183392   9132129.116827693
11   6958.92688250708   8565.503507785555   6244252.05717567
12   3063.260216838572   6055.072177599069   4414147.6174697215
13   1245.7482121146177   4401.834809606983   3208937.5762034906
14   2079.290537485391   3277.181309075872   2389065.174316311
15   4238.074560218282   2490.55418899341   1815614.0037761964
16   5972.045743906375   1926.9601631874211   1404753.9589636298
17   6362.494643999701   1514.5793659930746   1104128.3578089518
18   5620.293277088352   1207.1919718027282   880042.9474441888
19   4555.620044106089   974.258742807242   710234.6235064795
20   3839.293472312159   795.1241112084805   579645.4770709822
21   3610.431594095625   655.5228725327951   477876.1740764075
22   3577.628935033156   545.4167209370491   397608.7895631088
23   3382.1434240656517   457.6211288089866   333605.8029017513
24   2886.465011753268   386.9143663171669   282060.5730452147
25   2210.2060041006266   329.447665112705   240167.34786716197
26   1569.4891307399403   282.3475484544267   205831.36282327707
27   1098.8569521542863   243.44320602619135   177470.0971930935
28   791.3539298254678   211.076705823995   153874.9185456924
29   562.9739148374236   183.96899264931062   134113.39564134745
30   352.2791606961125   161.12403077849478   117459.41843752268
31   166.02509860950266   141.75939684436239   103342.60029954016
32   50.137192820202195   125.25545484370863   91311.22658106359
33   31.005675194695236   111.1177451764578   81004.83623363773
34   84.65773430712487   98.94887747583446   72133.73167988332
35   154.729869363537   88.42733159612166   64463.5247335727
36   195.36467150038027   79.29133018454046   57803.379704529994
37   199.5694826057805   71.32646945066287   51996.99622953322
38   192.8692895554075   64.35615945412022   46915.64024205364
39   203.40946752794147   58.234182181115834   42452.71881003344
40   235.97853670576083   52.83885853334495   38519.52787080846
41   269.27859167544585   48.06844671308275   35041.89765383733
42   274.51538308133644   43.83748970401559   31957.529994227367
43   237.79431868393186   40.07389915123121   29213.87248124755
44   169.28380290513638   36.71661423542685   26766.411777626177
45   94.84011957747575   33.7137122231711   24577.296210691726
46   38.9024771087534   31.020875862531593   22614.218503785534
47   11.580795507616944   28.60014424871771   20849.505157315212
48   7.215425225148984   26.41889005030012   19259.37084666879
49   12.523945157245752   24.44897839603512   17823.3052507096
50   16.8184862846949   22.666072246722255   16523.566667860527
51   17.46388105754274   21.0490564287443   15344.762136554595
52   18.569563032720122   19.579558212700864   14273.49793705893
53   25.618108057542013   18.24154677353088   13298.087597904014
54   40.435040071280056   17.0209973608067   12408.307076028086
55   59.49130436452576   15.905608760067919   11595.188786089513
56   75.81915848775924   14.884564805138211   10850.847742945756
57   82.76334030606932   13.948332434434416   10168.33434470269
58   77.26139330865496   13.088490168588388   9541.509332900936
59   61.09317549697701   12.297581997046159   8964.937275846647
60   39.79412827998173   11.568992555483728   8433.795572947638
61   20.0169773169384   10.896840198757149   7943.796504893963
62   6.693060650656694   10.275885160684343   7491.120282138886
63   1.287259906269995   9.701450469654755   7072.357392378315
64   1.8407627841747916   9.169353679445406   6684.458832315701
65   4.6098792358337395   8.675847794723918   6324.693042353736
66   6.337800525750039   8.21757003404802   5990.608554821006
67   5.930228154795139   7.791497290479878   5680.001524759829
68   4.697384914691887   7.394907329811981   5390.887443432935
69   5.159478134731319   7.025344915736968   5121.47644357225
70   9.210855119836939   6.680592175629074   4870.151696033594
71   16.74413822826127   6.358642624411665   4635.450473196103
72   25.498867798952645   6.057678350888298   4416.047517797569
73   32.155559950800075   5.776049943855642   4210.740409070762
74   34.00212275468056   5.5122587966952885   4018.4366627908653
75   30.242026374181417   5.264941480918122   3838.1423395893116
76   22.28957962004532   5.032855922915825   3668.951967805636
77   12.992994552026563   4.814869155281864   3510.039614200479
78   5.27874610608574   4.609946445585883   3360.6509588321087
79   0.9351857368209024   4.417141632322145   3220.0962499628436
80   0.08360299070069202   4.235588520649518   3087.744031553498
81   1.4719198421310757   4.0644932101164715   2963.0155501749077
82   3.3178584761921597   3.9031272433361353   2845.379760392043
83   4.222804712133016   3.7508214789734504   2734.348858171645
84   3.7335661567907406   3.606960604789088   2629.4742808912447
85   2.3678501974572352   3.4709782171552677   2530.34312030619
86   1.193054940671158   3.342352402670395   2436.5749015467177
87   1.2262243011651115   3.220601765466292   2347.8186870249265
88   2.94789472050478   3.1052818507040576   2263.7504691632575
89   6.117059068028949   2.9959819207449314   2184.0708202230544
90   9.91234694196705   2.8923220456897525   2108.5027713078293
91   13.286096343407426   2.7939504745149812   2036.7898959214212
92   15.354918502178574   2.7005412569875955   1968.6945763439574
93   15.67143617258445   2.6117920899952893   1903.996433606566
94   14.299849957719836   2.527422364950197   1842.4909040486934
95   11.70900248257178   2.4471713955717025   1783.987947371771
96   8.561563050708322   2.3707968076768244   1728.3108727964052
97   5.4970644413584475   2.2980730746476183   1675.2952714181133
98   2.983013678627383   2.2287901840408737   1624.7880441657971
99   1.262042769886235   2.1627524223877237   1576.6465159206505
100   0.37872132418033894   2.0997772666267425   1530.737627370895
101   0.24521279877491955   2.039694371847436   1486.937197076781
102   0.7054583942542679   1.9823446461118992   1445.1292470155745
103   1.5757479688933302   1.9275794040886374   1405.2053855806168
104   2.661828287658761   1.8752595920893296   1367.0642426331215
105   3.76693621350069   1.8252550778599963   1330.6109517599373
106   4.7060315244745095   1.777443999154251   1295.756675383449
107   5.331747836556484   1.7317121657180026   1262.418168808424
108   5.564942100375399   1.68795250985116   1230.5173796814956
109   5.415158345305333   1.64606458119004   1199.981079687539
110   4.977897946291084   1.6059540817812008   1170.7405256184952
111   4.405019348146059   1.5675324378990405   1142.7311472284002
112   3.8566246036124383   1.5307164054010889   1115.8922595373936
113   3.4513112492714297   1.495427705720804   1090.1667974704665
114   3.2327400975084037   1.4615926898720362   1065.5010709167145
115   3.163924517782911   1.4291420280854812   1041.8445384743159
116   3.149724503430126   1.3980104229187238   1019.1495983077498
117   3.0775512577673845   1.3681363438803393   997.3713946887675
118   2.8604111110711554   1.3394617817876473   976.4676389231947
119   2.466993967296572   1.3119320212390364   956.3984434832577
120   1.9296465067547774   1.2854954297273007   937.1261682712021
121   1.32984877291041   1.2601032620517498   918.6152780357257
122   0.7687037866446407   1.235709478805556   900.8322100492503
123   0.33422422143425945   1.2122705778220488   883.7452512322735
124   0.07681703874956859   1.189745437560828   867.3244239818437
125   9.410647478497637e-05   1.1680951715024914   851.5413800253161
126   0.06799782865834565   1.147282992700499   836.3693016786636
127   0.22359829433758527   1.1272740877110856   821.7828099413814
128   0.41163644630063423   1.1080354991877688   807.7578789078834
129   0.59672344266094   1.0895360164867303   794.2717560188264
130   0.7716608969769027   1.0717460736836124   781.3028877153534
131   0.9543750773293508   1.0546376544517053   768.8308500952932
132   1.175919585511097   1.0381842032964828   756.8362842031358
133   1.4646158221054597   1.0223605426824791   745.3008356155273
134   1.8320274358586175   1.0071427956259358   734.2070980113073
135   2.2652044962997677   0.9925083133607869   723.5385604400137
136   2.7271699396001154   0.9784356077167757   713.2795580255296
137   3.164902708045821   0.9649042878770305   703.4152258623553
138   3.521961202560478   0.9518950012085327   693.9314558810204
139   3.7519083796413524   0.9393893778827994   684.8148564765609
140   3.8289310464469315   0.9273699790260128   676.0527147099633
141   3.7532044934388527   0.9158202481579009   667.6329609071097
142   3.550151707960428   0.9047244656970899   659.5441354931785
143   3.2642875564328366   0.8940677063275632   651.7753579127935
144   2.949462728808811   0.8838357990363996   644.3162974975353
145   2.657867313728856   0.874015289647245   637.1571461528415
146   2.430133840618986   0.8645934056871264   630.2885927459151
147   2.2884183544218755   0.8555580234363019   623.7017990850642
148   2.233597773135849   0.8468976370220089   617.3883773890445
149   2.2468578429776134   0.8386013294272455   611.3403691524619
150   2.2950952468863743   0.8306587452952001   605.550225320201
151   2.338845323245805   0.8230600654187336   600.0107876902567
152   2.3409916302404747   0.8157959828123783   594.7152714702237
153   2.2744114423245745   0.8088576802718341   589.6572489181672
154   2.127003896961764   0.8022368093328756   584.8306340036663
155   1.9031890660081574   0.795925470547985   580.2296680294812
156   1.6218126497748464   0.7899161950050109   575.848906158653
157   1.311227012973824   0.7842019270176598   571.6832047958741
158   1.0029202794259915   0.7787760079227775   567.7277097757049
159   0.7252724234643757   0.7736321609241544   563.9778453137086
160   0.4987952360342532   0.7687644769270287   560.4293036798039
161   0.33366279048581776   0.7641674013116233   557.0780355561734
162   0.22965943301375671   0.7598357215979114   553.9202410448772
163   0.17808375729975318   0.755764555957434   550.9523612929694
164   0.16480954669071876   0.7519493425313698   548.1710707053686
165   0.1736650217588843   0.7483858295172461   545.5732697180724
166   0.1894807300209475   0.7450700659896468   543.1560781064526
167   0.20043527327046473   0.7419983934230956   540.9168288054367
168   0.199560126460828   0.7391674378879175   538.8530622202918
169   0.18537817499923306   0.7365741028924015   536.9625210085608
170   0.16166272323773923   0.734215562846934   535.243145315415
171   0.13629795826048519   0.7320892571280321   533.6930684463352
172   0.11928991210847255   0.7301928847223338   532.3106129625813
173   0.12015787723988795   0.7285243994326437   531.0942871863972
174   0.14518406354793967   0.727082005630095   530.0427821043394
175   0.1951977455775074   0.725864154538348   529.1549686584557
176   0.2645885749910872   0.7248695410375677   528.4298954163868
177   0.3420077702823739   0.724097100977675   527.8667866127252
178   0.4127574524399682   0.7235460089920466   527.465040555202
179   0.4623280222326863   0.7232156768045246   527.2242283904984
