0   7.9798047542284e+19   7.979805434757009e+19   9.65556457605598e+21
1   86978692.79398492   79483701.84905876   9617527923.736109
2   5099464.966974965   4978428.024957214   602389791.019823
3   538592.4707518949   984298.6694868949   119100139.0079143
4   62546.43172678514   311652.8270149654   37709992.06881083
5   34038.89610078713   127736.89738869097   15456164.584031608
6   38819.72730004249   61644.15368779887   7458942.596223662
7   32689.038541558042   33299.12588487123   4029194.2320694197
8   20783.94680254407   19535.608146767245   2363808.5857588365
9   10016.658324442587   12207.197877508708   1477070.9431785536
10   3261.4253703699933   8017.232695157375   970085.1561140424
11   413.5496205693494   5481.922244982758   663312.5916429135
12   73.06408233847117   3875.246193663406   468904.78943327203
13   727.8465058801548   2817.1742781484704   340878.0876559649
14   1341.7726021034882   2097.3960378085594   253784.9205748357
15   1483.916028631993   1593.9546809557833   192868.51639564976
16   1184.8668662332907   1233.25450443995   149223.79503723394
17   694.0936386764585   969.3307942355684   117289.02610250379
18   265.741024628869   772.6028619537466   93484.94629640333
19   38.03384269341487   623.5255953966351   75446.59704299283
20   13.065086494756905   508.87943117342775   61574.41117198476
21   104.55256821232327   419.53463842098904   50763.69124893967
22   207.44876244070284   349.0667013997117   42237.07086936511
23   251.5328940360159   292.8775224377516   35438.18021496794
24   221.1901373789739   247.62519444298704   29962.64852760143
25   144.02364228774942   210.84650567213131   25512.42718632789
26   63.546236956043074   180.7024310108332   21864.994152310817
27   13.284836481588593   155.80365185676254   18852.241874668267
28   3.58104039645322   135.08909172735687   16345.78009901018
29   23.2375695005928   117.74015529555886   14246.558790762621
30   50.81926541685056   103.11937969823674   12477.444943486644
31   67.56156236023472   90.72601398039195   10977.847691627429
32   65.43381705783636   80.16349109997358   9699.782423096805
33   47.96422837378528   71.11535691293305   8604.958186464899
34   25.435119296341732   63.32728158453406   7662.601071728623
35   8.209192880040913   56.59349222151791   6847.812558803667
36   1.785163611488095   50.74645131810591   6140.320609490816
37   5.414492562166699   45.648940448424256   5523.521794259335
38   13.98272378821385   41.18794205063696   4983.740988127072
39   21.437870656599785   37.269876595914155   4509.655068105614
40   23.79158830340751   33.81686946134079   4091.841204822234
41   20.43036690796841   30.763805896372975   3722.42051346113
42   13.570660270885762   28.05599341056999   3394.775202678969
43   6.573690127520748   25.647295456787987   3103.3227502713466
44   2.162372238647299   23.498633110673193   2843.334606391456
45   1.3568622165320694   21.576775822829507   2610.789874562371
46   3.4164879014898215   19.85336055202023   2402.256626794448
47   6.5607947674297655   18.304092319179347   2214.795170620701
48   8.963955706990369   16.908089632192084   2045.8788454952419
49   9.531355557469078   15.647346173462484   1893.3288869889607
50   8.187299435537367   14.506286237902255   1755.260634786173
51   5.6771148402616065   13.471396114396361   1630.0389298419598
52   3.0847120127969623   12.530917256128557   1516.2409879915554
53   1.3280094483271143   11.674589935059771   1412.6253821422324
54   0.8342763304360588   10.893438310916295   1318.1060356208716
55   1.4753086559209516   10.179589606443471   1231.7303423796604
56   2.7243105548917526   9.52612147528846   1152.660698509904
57   3.925602875970023   8.92693275803803   1080.1588637226014
58   4.556043821310037   8.376633707896575   1013.5726786554854
59   4.389568071701002   7.870452478109544   952.3247498512548
60   3.5290485492653225   7.404155235509589   895.9027834966604
61   2.3201848736400046   6.9739777272045815   843.8513049917542
62   1.1961945682573791   6.576566502837985   795.7645468433961
63   0.514685607542475   6.208928300579045   751.2803243700647
64   0.4408282702981682   5.868386354845064   710.0747489362527
65   0.9093206426709968   5.552542588623309   671.8576532234206
66   1.669197791619494   5.259244821790735   636.3686234366788
67   2.3886001823221914   4.9865582659071235   603.373550174762
68   2.7788555337891174   4.7327406910796705   572.6616236206401
69   2.693712439800254   4.496220746071662   544.0427102746711
70   2.1709887976800974   4.275578992402611   517.3450580807157
71   1.405969148949943   4.069531279623467   492.4132848344396
72   0.6705662826821313   3.876914144568513   469.10661149279
73   0.21065300383523522   3.6966719640676127   447.2973076521812
74   0.15968716708971534   3.5278456298849865   426.8693212160835
75   0.498357293599966   3.3695625477876003   407.7170682822997
76   1.071376630156539   3.2210277906661298   389.7443626706016
77   1.651255212907651   3.0815162593803946   372.8634673850278
78   2.0228860405865134   2.950365725174967   356.994252746171
79   2.0575045363535085   2.8269706446861744   342.0634480070271
80   1.7510037136102632   2.7107766532156927   328.00397503909886
81   1.2163057381491291   2.601275654474542   314.75435419141957
82   0.6364202393090612   2.4980014357351275   302.25817372395045
83   0.19773069919925026   2.4005257465430088   290.46361533170415
84   0.02785276538984233   2.308454787065018   279.32302923486714
85   0.15836309685114475   2.221426058979372   268.792553136504
86   0.5222462766358333   2.139105537709054   258.8317700627955
87   0.9833861309286589   2.0611851298984276   249.40340071770976
88   1.3852954649724418   1.9873803844505975   240.47302651852232
89   1.6015714612019358   1.917428429276757   232.00883994248755
90   1.572084423901962   1.8510861092414421   223.9814192182145
91   1.3153004532228685   1.788128303689589   216.36352474644025
92   0.9156810609910517   1.7283464044720618   209.12991494111952
93   0.4928088734728767   1.6715469375969858   202.2571794492353
94   0.1635067335603264   1.6175503135681268   195.72358794174335
95   0.008812982255886176   1.5661896931658905   189.50895287307273
96   0.054690985885142936   1.5173099569131685   183.59450478649342
97   0.2702269659618914   1.4707667677744765   177.9627789007116
98   0.5816338170174543   1.4264257177861606   172.59751185212542
99   0.8962325525099071   1.3841615503281437   167.48354758970538
100   1.1286814613633596   1.3438574506411156   162.60675152757497
101   1.2222204002709693   1.3054043979823595   157.95393215586552
102   1.1600567933159465   1.268700573511616   153.51276939490555
103   0.9652934755550414   1.2336508186167285   149.2717490526242
104   0.690966262349642   1.2001661389371716   145.22010281139777
105   0.4040157798447355   1.1681632498303984   141.3477532294782
106   0.16794399735495602   1.1375641594587216   137.6452632945053
107   0.028500384046678963   1.1082957860595226   134.10379011320222
108   0.005341412713488861   1.080289606304743   130.71504236287387
109   0.09073095186070504   1.053481331961626   127.47124116735674
110   0.25453706198822984   1.0278106123399693   124.36508409313628
111   0.4534540444356279   1.0032207602553864   121.38971199090176
112   0.6417616804433469   0.9796584994566973   118.53867843426038
113   0.7810395037737359   0.9570737316613154   115.80592153101914
114   0.8469236861732518   0.9354193215181036   113.18573790369052
115   0.8319687536735757   0.9146508979747082   110.6727586549397
116   0.7446777301503228   0.8947266706679837   108.26192715082603
117   0.6055633609402536   0.8756072600834176   105.94847847009355
118   0.441562465251241   0.8572555403440947   103.72792038163549
119   0.28021208478813364   0.8396364935929839   101.59601572475106
120   0.144766889655862   0.8227170750254726   99.54876607808218
121   0.05100747885543179   0.8064660877131204   97.58239661328759
122   0.005993939043396942   0.7908540664355562   95.6933420387023
123   0.008578804823567933   0.7758531698061113   93.87823354653948
124   0.05119041660139771   0.7614370800389304   92.13388668471056
125   0.1222652754378646   0.7475809097615949   90.45729008115298
126   0.20873495058034747   0.7342611153283197   88.84559495472669
127   0.298115647997706   0.721455416135095   87.29610535234652
128   0.37994778263372164   0.7091427194801726   85.80626905710089
129   0.4465314818739694   0.6973030505515077   84.37366911673242
130   0.49305866317472224   0.6859174871575122   82.99601594605898
131   0.5173305073267351   0.6749680988490918   81.6711399607401
132   0.5192689444480171   0.6644378901097492   80.39698470327964
133   0.5003965654236544   0.6543107473167868   79.17160042533119
134   0.46339451089345646   0.6445713892005995   77.99313809327252
135   0.41177704066500065   0.6352053205509041   76.85984378665941
136   0.3496644522068677   0.6261987889387367   75.77005346158714
137   0.28160411246618766   0.6175387442413   74.7221880531973
138   0.2123846622838188   0.6092128007734613   73.71474889358883
139   0.14680541378035214   0.6012092018449919   72.74631342324402
140   0.08939156716214268   0.5935167865766485   71.81553117577447
141   0.04407516339379277   0.586124958821057   70.92112001734789
142   0.013882795298005407   0.5790236580461378   70.06186262358267
143   0.0006791115954232334   0.5722033320496408   69.23660317800653
144   0.005009583957093485   0.5656549113832958   68.4442442773788
145   0.026070054001876845   0.559369785374237   67.68374403028268
146   0.061809528572895234   0.5533397796397613   66.9541133364111
147   0.10915212861422124   0.5475571349992334   66.25441333490726
148   0.16430835778876307   0.5420144876940861   65.58375301098441
149   0.22313716080572055   0.5367048508334373   64.94128695084592
150   0.28151858289910764   0.5316215969889286   64.32621323566035
151   0.3357005564986241   0.5267584418679897   63.73777146602676
152   0.3825900646514092   0.5221094289999223   63.17524090899061
153   0.41996656899570406   0.517668915373974   62.63793876025087
154   0.4466029747794508   0.5134315579730406   62.125218514737924
155   0.4622864703137649   0.5093923011507107   61.636468439236
156   0.46773902883885343   0.5055463648032074   61.17111014118808
157   0.46444599029414785   0.5018892332913024   60.7285972282476
158   0.45441111114615124   0.49841664507057803   60.308414053539934
159   0.4398668528867199   0.4951245829914591   59.91007454196656
160   0.422977423380137   0.49200926523329863   59.53312109322912
161   0.4055765013446131   0.489067136839439   59.17712355757212
162   0.3889792263264372   0.48629486182266335   58.841678280542276
163   0.3738977129746309   0.4836893158127578   58.5264072133437
164   0.3604717833890383   0.48124757922007705   58.23095708562931
165   0.348404704507552   0.4789669308910377   57.95499863781557
166   0.33717208295592493   0.4768448422333742   57.698225910238286
167   0.326255955871853   0.4748789717907814   57.460355586684564
168   0.3153499966724065   0.47306716024826745   57.241126390040364
169   0.30448798402671146   0.47140742585113715   57.0402985279876
170   0.29406560777554436   0.46989796022203784   56.857653186866585
171   0.28475154064812647   0.4685371245619407   56.69299207199482
172   0.27731138236077063   0.4673234462222937   56.54613699289755
173   0.2723906228118659   0.4662556156368923   56.416929492063964
174   0.2703141929665145   0.4653324836032612   56.3052305159946
175   0.27095714108970465   0.46455305890454285   56.21092012744969
176   0.2737238164117215   0.4639165062640437   56.133897257949286
177   0.2776457278840186   0.4634221446257123   56.0740794997112
178   0.281577822362705   0.4630694457549101   56.03140293634412
179   0.2844471518310731   0.462858033154896   56.00582201174241
