0   3.0312579411238123e+21   3.031257925696095e+21   1.5345743248836482e+22
1   3032596141.413544   3019316738.5284925   15285290988.800495
2   192598002.94573563   189113626.03440022   957387731.7991511
3   38403386.923433244   37390174.07791131   189287756.26942596
4   11845058.44703013   11838635.787283147   59933093.673120916
5   4894266.458033769   4852292.274280106   24564729.638543032
6   2305475.773290292   2341652.7002660995   11854616.79509713
7   1201008.244882322   1264921.0570676227   6403662.851404839
8   856857.9470794013   742091.6150443038   3756838.8011617884
9   444460.82164873666   463710.1194919749   2347532.4799281224
10   298410.3842398533   304547.52748098416   1541771.8578724822
11   185760.87360024056   208239.6668567361   1054213.3134622267
12   116500.02389711987   147207.48312234416   745237.8833068673
13   122869.59725766753   107014.91318960667   541762.9980223838
14   109706.77235677316   79672.97467227512   403344.43427839264
15   69032.50805679266   60548.94194290262   306529.01858594455
16   50059.142627342495   46847.16339951519   237163.76471004565
17   51176.53770446966   36821.59517135309   186409.32555497502
18   43631.79636275955   29348.567052927086   148577.12070544338
19   25046.951234164866   23685.626402468566   119908.48366249709
20   12049.408330230455   19330.60676203248   97861.19673278941
21   10633.828375302719   15936.700565135943   80679.5466110007
22   12487.768062447043   13259.862209243056   67128.05243429299
23   10140.493526782864   11125.425530813134   56322.4667497415
24   4856.425955395073   9406.442793554126   47620.116642367764
25   1511.029600168198   8009.344922623878   40547.308670783386
26   1638.6210960159383   6864.273580008906   34750.38499879508
27   2869.544533317121   5918.453255591035   29962.169606429616
28   2763.960841295466   5131.577246107464   25978.609808419038
29   1333.2840997211476   4472.549886464992   22642.283800229023
30   152.41953623760622   3917.156120644983   19830.602860765226
31   190.36888160340024   3446.3741151760587   17447.2689580788
32   966.9623064158599   3045.13963072162   15416.019380528202
33   1424.952676338814   2701.4316457152963   13675.997706433689
34   1116.3986645978791   2405.5890307775744   12178.294468311471
35   459.4804562965135   2149.7951703445297   10883.338049869184
36   97.78381825345954   1927.6858817754337   9758.909776488134
37   229.896270414018   1734.0487016288848   8778.62155199623
38   544.8906564364842   1564.5904753554507   7920.739281486968
39   651.47038391979   1415.7564334714932   7167.266944449433
40   465.6067630899442   1284.5883826995957   6503.228687416703
41   207.63038167507457   1168.6128341147519   5916.10247270593
42   115.54734572849605   1065.7522051683632   5395.370538664839
43   216.1042254539534   974.2539246312513   4932.160493445709
44   351.27021278271064   892.6335164702151   4518.9571771304645
45   372.39033789066946   819.6286646168268   4149.370114622686
46   280.8898437440185   754.1619531585244   3817.94488786503
47   194.986584254539   695.3104980920499   3520.0093965910028
48   212.56630517759194   642.2810822269495   3251.5479787739314
49   320.6808198488732   594.3897065187398   3009.0978892511203
50   425.32959066023005   551.0447026631846   2789.6638072323717
51   450.5417000365218   511.73273052614246   2590.646948288597
52   402.0003690089746   476.00712272301547   2409.786058785266
53   343.94896145298964   443.4781469202502   2245.1081187837667
54   328.83852915331585   413.80484133385414   2094.8870092526367
55   352.41219594846643   386.6881458094723   1957.6087381604534
56   369.15757810980756   361.8651038449941   1831.9420882152824
57   342.85022104290806   339.1039530499891   1716.7137623155695
58   279.1949581325812   318.1999551908593   1610.8872731537256
59   214.75050104222478   298.9718439646456   1513.5449600710183
60   181.14180585200296   281.2587903831031   1423.8726263144597
61   180.34223102021696   264.91780322286337   1341.1463788157457
62   190.53574851375177   249.8214962580994   1264.7213248066282
63   191.54146956090344   235.85616560564839   1194.0218383785948
64   182.82532767484662   222.92013000330243   1128.5331581417183
65   179.93179927323717   210.9222946241176   1067.7941165345958
66   196.99182310765133   199.7809054314965   1011.3908337469511
67   233.04796611164508   189.42246636288604   958.9512359621104
68   274.06540595298304   179.78079600303582   910.140279765369
69   306.1920470257355   170.79620403832513   864.6557829440208
70   326.29938437574026   162.41477080643622   822.2247772075834
71   341.53456279054825   154.58771577934397   782.6003111329289
72   360.06089625235154   147.27084293032587   745.5586423347747
73   382.0710698710442   140.42405270899596   710.896766839292
74   399.291585987064   134.01091184056966   678.4302411928838
75   402.0791035842986   127.99827342433088   647.991259210675
76   386.7501292557641   122.35594087064858   619.4269506576585
77   357.6287653687211   117.05637011803466   592.5978737225505
78   322.99346977152123   112.07440533806769   567.3766770239678
79   288.9581210407168   107.38704398844916   543.646910191524
80   256.8277413363922   102.97322763110982   521.3019648824933
81   225.00079341196937   98.81365540820813   500.24413050405377
82   192.54273596281067   94.89061747660152   480.3837509752952
83   161.47765610046497   91.18784605138197   461.6384706351213
84   136.00353871954144   87.69038201010984   443.9325589261811
85   119.59967661922461   84.38445526879077   427.19630479825344
86   113.05285197506026   81.25737736459519   411.36547290826303
87   114.70762207587116   78.29744487400278   396.380814674639
88   122.22787480106318   75.4938524628611   382.18762809323425
89   134.5025310784243   72.83661451047861   368.73536095929796
90   152.03385146701834   70.31649437646888   355.9772527808737
91   175.70656991105855   67.92494048929947   343.8700112270786
92   205.4685487628372   65.65402853163452   332.3735194413997
93   239.81429207726538   63.49640908153536   321.4505709752728
94   276.31233567435885   61.445260142046266   311.0666294691093
95   312.87296001825905   59.49424405605457   301.18961053377626
96   348.44728518837604   57.637468359787135   291.7896835714223
97   382.6862536871876   55.86945017792363   282.8390915257384
98   415.32252956982904   54.1850838069676   274.3119867727735
99   445.5622022767346   52.579611171982734   266.1842815581626
100   471.8235650612021   51.048594875743035   258.4335115584491
101   492.348679291188   49.58789358932611   251.03871129596342
102   506.01715238969047   48.193639559701545   243.9803002709891
103   512.6055647255075   46.862218033356186   237.2399787938657
104   512.6991606994167   45.590248415826984   230.8006326051241
105   507.2579188223721   44.37456700550656   224.64624546537698
106   496.98710510230154   43.21221115652512   218.7618189799084
107   482.2393489468362   42.10040474014154   213.13329899696652
108   463.2998308613031   41.03654478711086   207.74750798474878
109   440.48943583174423   40.01818920512063   202.59208285092316
110   414.3385430407249   39.04304547576928   197.655417721082
111   385.76627638639883   38.1089602448384   192.92661123949438
112   355.78807941454846   37.213909727914114   188.39541799756523
113   325.1650614977084   36.35599086085038   184.05220373305505
114   294.42686869449136   35.53341313123582   179.88790397688135
115   263.92878863524606   34.74449103301116   175.89398585461896
116   233.89670747352883   33.98763709176317   172.06241277705104
117   204.6161431834352   33.26135541305619   168.38561177859697
118   176.48782117488142   32.564235710517096   164.85644328449283
119   149.92364087053423   31.894947774311408   161.4681731074515
120   125.3228124924409   31.252236344186166   158.21444649244248
121   103.00982818846678   30.63491635444818   155.0892640443939
122   83.12761706531766   30.041868521130997   152.0869593882257
123   65.71268355337003   29.472035244213057   149.2021784238286
124   50.79867828359386   28.924416800109412   146.4298600505539
125   38.37193534306355   28.39806780179894   143.76521824660713
126   28.36538613274121   27.892093905886053   141.20372539854816
127   20.704609073951342   27.405648747656155   138.74109678500926
128   15.263110507125653   26.937931086779844   136.37327612682296
129   11.834457885626007   26.48818214777296   134.0964221231006
130   10.17966912808756   26.05568314063878   131.90689589948383
131   10.040581403478049   25.639752948320318   129.80124930087163
132   11.153462834464573   25.239745968684755   127.77621396646653
133   13.29198255136632   24.855050099758998   125.82869113002994
134   16.2510123230975   24.48508485784599   123.95574209284534
135   19.82118789064467   24.129299618981108   122.15457932109187
136   23.820404955306373   23.787171974947324   120.42255812317079
137   28.093679126641135   23.458206195761164   118.75716886604091
138   32.48678639428513   23.141931791176617   117.15602969283161
139   36.87282393703512   22.837902164334544   115.61687970694358
140   41.16705441193488   22.545693351218006   114.13757259054118
141   45.30149802220345   22.264902840061893   112.71607062781331
142   49.23084176527881   21.99514846531276   111.35043910564586
143   52.931070632424365   21.736067371146433   110.03884106642882
144   56.36514753146083   21.487315039928053   108.77953238963573
145   59.50167440501159   21.248564381347126   107.57085718056982
146   62.34088627367743   21.019504878279438   106.41124344628967
147   64.86803341456594   20.799841785721622   105.29919904021573
148   67.05202489232822   20.589295379415944   104.23330785829324
149   68.91141661905972   20.387600251032154   103.2122262708503
150   70.48300607489563   20.19450464700429   102.23467977545923
151   71.75434684934837   20.009769848333306   101.29945985718734
152   72.72352557774151   19.83316958886317   100.40542104361981
153   73.44210067417943   19.664489509720028   99.55147814295763
154   73.92865837319721   19.503526647773032   98.73660365435097
155   74.15811845735126   19.350088956131085   97.95982534041363
156   74.15804282430983   19.203994854834903   97.22022395260169
157   73.98485007060509   19.065072810038057   96.51693110081764
158   73.63744913482947   18.933160940095693   95.84912725923444
159   73.11283064500469   18.808106647095677   95.21603990092184
160   72.46809717311517   18.689766272475076   94.61694175440509
161   71.7408826146715   18.57800477546593   94.05114917579625
162   70.91575453921136   18.472695433207928   93.51802063061514
163   70.0106087747795   18.37371956145433   93.01695527986257
164   69.07802122073099   18.28096625487886   92.54739166532421
165   68.12447148633456   18.19433214606946   92.10880648947663
166   67.13829312994578   18.11372118236658   91.70071348573082
167   66.15646613693374   18.03904441977227   91.32266237509712
168   65.21601189522237   17.97021983322043   90.97423790567842
169   64.30726703716451   17.907172142559475   90.65505897170736
170   63.43328743334049   17.8498326536561   90.36477780913404
171   62.63265259231541   17.79813911408342   90.10307926504733
172   61.915100224347455   17.752035582908636   89.86968013847496
173   61.25993891226572   17.711472314145208   89.66432859036009
174   60.67874217494588   17.676405653481776   89.48680362075147
175   60.19883138761598   17.646797947945718   89.3369146114752
176   59.806732666297876   17.622617468203295   89.21450093277917
177   59.481908322934345   17.603838343240866   89.11943161265688
178   59.24958789945509   17.590440507212843   89.05160506776504
179   59.13374373953877   17.582409658282703   89.01094889505617
