0   7.97980498948391e+19   7.979805434757009e+19   3.910104663030934e+21
1   82970139.25649151   79483701.84905876   3894701390.603879
2   4323017.496041365   4978428.024957214   243942973.2229035
3   635946.6756033879   984298.6694868949   48230634.80485786
4   215678.81128315095   311652.8270149654   15270988.52373331
5   118211.5797310548   127736.89738869097   6259107.9720458565
6   65598.88260946951   61644.15368779887   3020563.5307021444
7   30058.319274307898   33299.12588487123   1631657.1683586906
8   9412.369844383404   19535.608146767245   957244.7991915948
9   1045.0852552372817   12207.197877508708   598152.6959979266
10   667.052584064393   8017.232695157375   392844.40206271136
11   3876.7004939078492   5481.922244982758   268614.19000415504
12   7344.076811470253   3875.246193663406   189887.06348950687
13   9269.213517924924   2817.1742781484704   138041.53962927507
14   9252.741812321903   2097.3960378085594   102772.40585261941
15   7821.229071328287   1593.9546809557833   78103.77936683338
16   5857.845676581548   1233.25450443995   60429.470717557546
17   4137.4350090703865   969.3307942355684   47497.20891754285
18   3074.1867475049235   772.6028619537466   37857.540235733584
19   2691.178075700853   623.5255953966351   30552.75417443512
20   2745.842107616798   508.87943117342775   24935.092127497963
21   2913.0513873593345   419.53463842098904   20557.19728262846
22   2938.4293997097757   349.0667013997117   17104.268368585876
23   2713.50928553783   292.8775224377516   14350.998599449827
24   2269.493380324997   247.62519444298704   12133.634527706366
25   1718.9039464726998   210.84650567213131   10331.478777934435
26   1185.4346226025616   180.7024310108332   8854.41911953083
27   753.8215860910278   155.80365185676254   7634.378940981364
28   452.8582984720879   135.08909172735687   6619.365494640487
29   266.60477971688454   117.74015529555886   5769.267609482385
30   158.78716765123878   103.11937969823674   5052.8496052136
31   95.11548643265463   90.72601398039195   4445.574685039207
32   54.74396223999164   80.16349109997358   3928.0110638987053
33   30.262893317000056   71.11535691293305   3484.6524887337187
34   21.172762655768004   63.32728158453406   3103.0367976421694
35   27.01634119851491   56.59349222151791   2773.0811188543776
36   44.09290513696199   50.74645131810591   2486.57611458719
37   66.22306988323245   45.648940448424256   2236.7980819727886
38   87.5352141994309   41.18794205063696   2018.2091604812115
39   104.7161234043193   37.269876595914155   1826.2239531997936
40   117.28974726487543   33.81686946134079   1657.0266036056983
41   126.14891793680034   30.763805896372975   1507.4264889222757
42   131.6649357639192   28.05599341056999   1374.7436771179296
43   132.73383809993905   25.647295456787987   1256.7174773826114
44   127.30133916513553   23.498633110673193   1151.4330224229866
45   113.89002736913741   21.576775822829507   1057.262015318646
46   93.06383765534613   19.85336055202023   972.8146670489914
47   67.87789701440526   18.304092319179347   896.9005236397882
48   43.01131017310651   16.908089632192084   828.496391977412
49   23.034403701918347   15.647346173462484   766.7199624996617
50   10.699534602820876   14.506286237902255   710.8080256572105
51   6.075292929937951   13.471396114396361   660.0984096054218
52   6.867421239743849   12.530917256128557   614.0149455502993
53   9.67687945086587   11.674589935059771   572.0549068179288
54   11.541136250605753   10.893438310916295   533.7784772348986
55   11.055856784575676   10.179589606443471   498.7998907157302
56   8.652305018949283   9.52612147528846   466.7799522891347
57   6.034410212699951   8.92693275803803   437.41970514386344
58   5.14220899204354   8.376633707896575   410.4550516869321
59   7.15557499516994   7.870452478109544   385.65217142736765
60   11.956009573907542   7.404155235509589   362.8036065399698
61   18.208119633473217   6.9739777272045815   341.7249086330244
62   23.94257705730133   6.576566502837985   322.2517586390613
63   27.338884386611326   6.208928300579045   304.2374867283732
64   27.375506503114742   5.868386354845064   287.5509313874082
65   24.11962296457812   5.552542588623309   272.0745868425422
66   18.601248003326894   5.259244821790735   257.702996267746
67   12.377200226056614   4.9865582659071235   244.34135502944906
68   6.9819909575609564   4.7327406910796705   231.90429386290387
69   3.4666851652099684   4.496220746071662   220.31481655751142
70   2.1609413018250505   4.275578992402611   209.5033706277279
71   2.695949667499736   4.069531279623467   199.4070327015499
72   4.236449601109397   3.876914144568513   189.96879308385712
73   5.815324139400247   3.6966719640676127   181.13692623931306
74   6.653268389383012   3.5278456298849865   172.8644358643644
75   6.371841549053695   3.3695625477876003   165.10856484159243
76   5.055016018463314   3.2210277906661298   157.83036174264035
77   3.164573267508813   3.0815162593803946   150.99429670963937
78   1.3543153038606992   2.950365725174967   144.56792053357339
79   0.24900091644264272   2.8269706446861744   138.52156158962256
80   0.254321521825833   2.7107766532156927   132.82805600756896
81   1.447342628285361   2.601275654474542   127.46250706925258
82   3.56930755061669   2.4980014357351275   122.40207035102124
83   6.112730108253538   2.4005257465430088   117.62576158060743
84   8.470150631490252   2.308454787065018   113.11428456618586
85   10.098579439810685   2.221426058979372   108.84987688998923
86   10.6539474442697   2.139105537709054   104.81617134774365
87   10.062474491432914   2.0611851298984276   100.99807136502294
88   8.516174106476713   1.9873803844505975   97.38163883807928
89   6.40140383780356   1.917428429276757   93.95399303456108
90   4.186290367774912   1.8510861092414421   90.70321935283067
91   2.3008144323203203   1.788128303689589   87.61828688078984
92   1.0411504057083176   1.7283464044720618   84.68897381913102
93   0.5193828786541342   1.6715469375969858   81.90579994225232
94   0.6649705588123864   1.6175503135681268   79.25996536483822
95   1.2699811968462549   1.5661896931658905   76.74329496512863
96   2.060072054225979   1.5173099569131685   74.34818788874527
97   2.769515628128046   1.4707667677744765   72.06757162094934
98   3.201215506869963   1.4264257177861606   69.89486017152187
99   3.259811499967655   1.3841615503281437   67.82391596607906
100   2.9549007074461233   1.3438574506411156   65.84901508141466
101   2.3793913348576616   1.3054043979823595   63.964815501135625
102   1.6731327996101495   1.268700573511616   62.16632810206919
103   0.9834675659666946   1.2336508186167285   60.448890112219715
104   0.4325977621537197   1.2001661389371716   58.80814080792142
105   0.09780985876503191   1.1681632498303984   57.23999924168952
106   0.006108293064072008   1.1375641594587216   55.740643813477355
107   0.14096756046375425   1.1082957860595226   54.3064935169166
108   0.456547293121793   1.080289606304743   52.9341907089324
109   0.8940764284715526   1.053481331961626   51.620585266119676
110   1.3959486868654825   1.0278106123399693   50.36272000465848
111   1.914815100495397   1.0032207602553864   49.15781725251394
112   2.4169504790076273   0.9796584994566973   48.00326647337817
113   2.8808470519600964   0.9570737316613154   46.89661285140445
114   3.2930022087751856   0.9354193215181036   45.835546754387074
115   3.6431188846996574   0.9146508979747082   44.81789400076071
116   3.9205401223879686   0.8947266706679837   43.84160686273121
117   4.112941440715292   0.8756072600834176   42.90475574408746
118   4.207396872196594   0.8572555403440947   42.005521476860636
119   4.193171835588996   0.8396364935929839   41.1421881860562
120   4.065144922074606   0.8227170750254726   40.313136676248156
121   3.826679150943492   0.8064660877131204   39.51683829794291
122   3.491009468427579   0.7908540664355562   38.75184925534225
123   3.080674708128361   0.7758531698061113   38.016805320499465
124   2.6250545521420987   0.7614370800389304   37.310416921907596
125   2.156537383826044   0.7475809097615949   36.631464578318145
126   1.7061417278723252   0.7342611153283197   35.97879465108766
127   1.2994936113464413   0.721455416135095   35.35131539061966
128   0.9539315697810742   0.7091427194801726   34.74799325452845
129   0.6772228301751417   0.6973030505515077   34.16784947702387
130   0.46800877352821596   0.6859174871575122   33.60995687071811
131   0.3177420133588498   0.6749680988490918   33.0734368436055
132   0.2136053625195831   0.6644378901097492   32.5574566153777
133   0.14176179535521963   0.6543107473167868   32.061226618522554
134   0.09028829039575487   0.6445713892005995   31.58399807082937
135   0.051277600029254085   0.6352053205509041   31.125060706994297
136   0.02180921874630499   0.6261987889387367   30.683740657998097
137   0.00374069446029383   0.6175387442413   30.2593984678237
138   0.002499987690266115   0.6092128007734613   29.851427237899607
139   0.025226969476371455   0.6012092018449919   29.459250890404604
140   0.07869340992925668   0.5935167865766485   29.08232254225578
141   0.16742209668416017   0.586124958821057   28.72012298223179
142   0.29234107298949474   0.5790236580461378   28.372159244260754
143   0.45017480365142615   0.5722033320496408   28.037963270432392
144   0.6336220095003061   0.5656549113832958   27.717090657781494
145   0.8322298361555226   0.559369785374237   27.40911948333761
146   1.0337685705002084   0.5533397796397613   27.1136492023483
147   1.2258526250820752   0.5475571349992334   26.830299614962446
148   1.397543646406221   0.5420144876940861   26.55870989701022
149   1.540703229753083   0.5367048508334373   26.298537690838433
150   1.6509231622555378   0.5316215969889286   26.0494582524575
151   1.7279358607629351   0.5267584418679897   25.811163651531498
152   1.7754835905242086   0.5221094289999223   25.5833620209962
153   1.8006924197659786   0.517668915373974   25.365776853324725
154   1.8130500374312126   0.5134315579730406   25.158146340678993
155   1.8231234540976906   0.5093923011507107   24.960222756384823
156   1.8411734048830775   0.5055463648032074   24.771771875357157
157   1.875827984947948   0.5018892332913024   24.59257243127382
158   1.9329694847036079   0.49841664507057803   24.422415608458323
159   2.014965854729927   0.4951245829914591   24.261104566581498
160   2.1203419489317565   0.49200926523329863   24.108453996431628
161   2.243936831954799   0.489067136839439   23.96428970513251
162   2.377535159864243   0.48629486182266335   23.82844822931051
163   2.5108987305807067   0.4836893158127578   23.70077647482513
164   2.633066999411854   0.48124757922007705   23.58113138178377
165   2.7337522875113227   0.4789669308910377   23.469379613660845
166   2.8046356103460655   0.4768448422333742   23.365397269435334
167   2.8403786859742177   0.4748789717907814   23.26906961774829
168   2.839208094343123   0.47306716024826745   23.180290852165104
169   2.8029941014133835   0.47140742585113715   23.098963866705724
170   2.7368288271028796   0.46989796022203784   23.025000050879857
171   2.648191556236661   0.4685371245619407   22.958319103535093
172   2.545857102174855   0.4673234462222937   22.898848864892397
173   2.4387423383035713   0.4662556156368923   22.846525166207726
174   2.334887756091046   0.4653324836032612   22.801291696559794
175   2.240734279517601   0.46455305890454285   22.7630998863226
176   2.1607878487325696   0.4639165062640437   22.73190880693814
177   2.097679634918948   0.4634221446257123   22.707685086659907
178   2.0525463042134704   0.4630694457549101   22.69040284199059
179   2.0255906584719106   0.462858033154896   22.680043624589903
