1.000	4.25E+08
1.100	2.89E+08
1.200	2.04E+08
1.300	1.49E+08
1.400	1.10E+08
1.500	8.36E+07
1.600	6.47E+07
1.700	5.07E+07
1.800	4.04E+07
1.900	3.25E+07
2.000	2.64E+07
2.100	2.17E+07
2.200	1.80E+07
2.300	1.51E+07
2.400	1.27E+07
2.500	1.08E+07
2.600	9.22E+06
2.700	7.92E+06
2.800	6.84E+06
2.900	5.94E+06
3.000	5.18E+06
3.100	4.55E+06
3.200	4.00E+06
3.300	3.54E+06
3.400	3.14E+06
3.500	2.80E+06
3.600	2.50E+06
3.700	2.24E+06
3.800	2.01E+06
3.900	1.82E+06
4.000	1.64E+06
4.100	1.49E+06
4.200	1.35E+06
4.300	1.23E+06
4.400	1.13E+06
4.500	1.03E+06
4.600	9.46E+05
4.700	8.69E+05
4.800	8.00E+05
4.900	7.38E+05
5.000	6.82E+05
5.100	6.31E+05
5.200	5.85E+05
5.300	5.43E+05
5.400	5.05E+05
5.500	4.70E+05
5.600	4.39E+05
5.700	4.09E+05
5.800	3.83E+05
5.900	3.58E+05
6.000	3.35E+05
6.100	3.15E+05
6.200	2.95E+05
6.300	2.77E+05
6.400	2.61E+05
6.500	2.46E+05
6.600	2.32E+05
6.700	2.18E+05
6.800	2.06E+05
6.900	1.95E+05
7.000	1.84E+05
7.100	1.74E+05
7.200	1.65E+05
7.300	1.56E+05
7.400	1.48E+05
7.500	1.40E+05
7.600	1.33E+05
7.700	1.26E+05
7.800	1.20E+05
7.900	1.14E+05
8.000	1.09E+05
8.100	1.03E+05
8.200	9.84E+04
8.300	9.37E+04
8.400	8.93E+04
8.500	8.52E+04
8.600	8.12E+04
8.700	7.75E+04
8.800	7.40E+04
8.900	7.06E+04
9.000	6.75E+04
9.100	6.45E+04
9.200	6.17E+04
9.300	5.90E+04
9.400	5.64E+04
9.500	5.40E+04
9.600	5.17E+04
9.700	4.95E+04
9.800	4.74E+04
9.900	4.54E+04
10.000	4.35E+04
10.250	3.92E+04
10.500	3.54E+04
10.750	3.20E+04
11.000	2.89E+04
11.250	2.62E+04
11.500	2.38E+04
11.750	2.17E+04
12.000	1.97E+04
12.250	1.80E+04
12.500	1.64E+04
12.750	1.50E+04
13.000	1.38E+04
13.250	1.27E+04
13.500	1.16E+04
13.750	1.07E+04
14.000	9.87E+03
14.250	9.11E+03
14.500	8.43E+03
14.750	7.81E+03
15.000	7.24E+03
15.250	6.73E+03
15.500	6.27E+03
15.750	5.84E+03
16.000	5.46E+03
16.250	5.11E+03
16.500	4.79E+03
16.750	4.50E+03
17.000	4.23E+03
17.250	3.98E+03
17.500	3.76E+03
17.750	3.55E+03
18.000	3.36E+03
18.250	3.19E+03
18.500	3.03E+03
18.750	2.88E+03
19.000	2.75E+03
19.250	2.62E+03
19.500	2.51E+03
19.750	2.40E+03
20.000	2.30E+03
20.250	2.21E+03
20.500	2.12E+03
20.750	2.04E+03
21.000	1.96E+03
21.250	1.89E+03
21.500	1.83E+03
21.750	1.76E+03
22.000	1.70E+03
22.250	1.65E+03
22.500	1.60E+03
22.750	1.55E+03
23.000	1.50E+03
23.250	1.45E+03
23.500	1.41E+03
23.750	1.37E+03
24.000	1.33E+03
24.250	1.29E+03
24.500	1.26E+03
24.750	1.22E+03
25.000	1.19E+03
25.500	1.12E+03
26.000	1.07E+03
26.500	1.01E+03
27.000	9.56E+02
27.500	9.06E+02
28.000	8.59E+02
28.500	8.13E+02
29.000	7.70E+02
29.500	7.28E+02
30.000	6.88E+02
30.500	6.50E+02
31.000	6.13E+02
31.500	5.78E+02
32.000	5.44E+02
32.500	5.11E+02
33.000	4.80E+02
33.500	4.50E+02
34.000	4.22E+02
34.500	3.94E+02
35.000	3.68E+02
35.500	3.43E+02
36.000	3.19E+02
36.500	2.96E+02
37.000	2.75E+02
37.500	2.54E+02
38.000	2.35E+02
38.500	2.16E+02
39.000	1.99E+02
39.500	1.82E+02
40.000	1.67E+02
40.500	1.52E+02
41.000	1.39E+02
41.500	1.26E+02
42.000	1.14E+02
42.500	1.03E+02
43.000	9.25E+01
43.500	8.29E+01
44.000	7.41E+01
44.500	6.59E+01
45.000	5.85E+01
45.500	5.16E+01
46.000	4.54E+01
46.500	3.97E+01
47.000	3.47E+01
47.500	3.01E+01
48.000	2.60E+01
48.500	2.24E+01
49.000	1.93E+01
49.500	1.66E+01
50.000	1.42E+01
50.500	1.23E+01
51.000	1.06E+01
51.500	9.35E+00
52.000	8.35E+00
52.500	7.62E+00
53.000	7.15E+00
53.500	6.90E+00
54.000	6.88E+00
54.500	7.04E+00
55.000	7.37E+00
55.500	7.87E+00
56.000	8.50E+00
56.500	9.25E+00
57.000	1.01E+01
57.500	1.11E+01
58.000	1.21E+01
58.500	1.32E+01
59.000	1.43E+01
59.500	1.55E+01
60.000	1.67E+01
60.500	1.79E+01
61.000	1.91E+01
61.500	2.03E+01
62.000	2.15E+01
62.500	2.27E+01
63.000	2.39E+01
63.500	2.50E+01
64.000	2.61E+01
64.500	2.71E+01
65.000	2.81E+01
65.500	2.90E+01
66.000	2.98E+01
66.500	3.06E+01
67.000	3.13E+01
67.500	3.20E+01
68.000	3.25E+01
68.500	3.30E+01
69.000	3.35E+01
69.500	3.38E+01
70.000	3.41E+01
70.500	3.43E+01
71.000	3.44E+01
71.500	3.44E+01
72.000	3.44E+01
72.500	3.43E+01
73.000	3.41E+01
73.500	3.38E+01
74.000	3.35E+01
74.500	3.31E+01
75.000	3.27E+01
75.500	3.21E+01
76.000	3.16E+01
76.500	3.10E+01
77.000	3.03E+01
77.500	2.96E+01
78.000	2.88E+01
78.500	2.80E+01
79.000	2.71E+01
79.500	2.63E+01
80.000	2.54E+01
80.500	2.44E+01
81.000	2.35E+01
81.500	2.25E+01
82.000	2.15E+01
82.500	2.05E+01
83.000	1.95E+01
83.500	1.85E+01
84.000	1.75E+01
84.500	1.65E+01
85.000	1.55E+01
85.500	1.45E+01
86.000	1.35E+01
86.500	1.26E+01
87.000	1.17E+01
87.500	1.07E+01
88.000	9.86E+00
88.500	9.01E+00
89.000	8.18E+00
89.500	7.39E+00
90.000	6.63E+00
90.500	5.91E+00
91.000	5.23E+00
91.500	4.59E+00
92.000	3.98E+00
92.500	3.43E+00
93.000	2.91E+00
93.500	2.44E+00
94.000	2.01E+00
94.500	1.63E+00
95.000	1.30E+00
95.500	1.00E+00
96.000	7.59E-01
96.500	5.59E-01
97.000	4.03E-01
97.500	2.91E-01
98.000	2.23E-01
98.500	1.96E-01
99.000	2.10E-01
99.500	2.65E-01
100.000	3.57E-01
100.500	4.86E-01
101.000	6.51E-01
101.500	8.49E-01
102.000	1.08E+00
102.500	1.34E+00
103.000	1.63E+00
103.500	1.94E+00
104.000	2.27E+00
104.500	2.63E+00
105.000	3.00E+00
105.500	3.40E+00
106.000	3.80E+00
106.500	4.22E+00
107.000	4.64E+00
107.500	5.07E+00
108.000	5.51E+00
108.500	5.95E+00
109.000	6.38E+00
109.500	6.82E+00
110.000	7.24E+00
110.500	7.66E+00
111.000	8.07E+00
111.500	8.47E+00
112.000	8.85E+00
112.500	9.22E+00
113.000	9.57E+00
113.500	9.89E+00
114.000	1.02E+01
114.500	1.05E+01
115.000	1.07E+01
115.500	1.10E+01
116.000	1.12E+01
116.500	1.13E+01
117.000	1.15E+01
117.500	1.16E+01
118.000	1.17E+01
118.500	1.17E+01
119.000	1.18E+01
119.500	1.18E+01
120.000	1.17E+01
120.500	1.16E+01
121.000	1.15E+01
121.500	1.14E+01
122.000	1.12E+01
122.500	1.10E+01
123.000	1.08E+01
123.500	1.05E+01
124.000	1.03E+01
124.500	9.94E+00
125.000	9.61E+00
125.500	9.26E+00
126.000	8.88E+00
126.500	8.49E+00
127.000	8.08E+00
127.500	7.65E+00
128.000	7.22E+00
128.500	6.77E+00
129.000	6.32E+00
129.500	5.86E+00
130.000	5.41E+00
130.500	4.95E+00
131.000	4.50E+00
131.500	4.05E+00
132.000	3.61E+00
132.500	3.19E+00
133.000	2.78E+00
133.500	2.39E+00
134.000	2.02E+00
134.500	1.68E+00
135.000	1.36E+00
135.500	1.08E+00
136.000	8.29E-01
136.500	6.15E-01
137.000	4.42E-01
137.500	3.12E-01
138.000	2.27E-01
138.500	1.90E-01
139.000	2.05E-01
139.500	2.73E-01
140.000	3.98E-01
140.500	5.81E-01
141.000	8.25E-01
141.500	1.13E+00
142.000	1.50E+00
142.500	1.94E+00
143.000	2.45E+00
143.500	3.03E+00
144.000	3.68E+00
144.500	4.40E+00
145.000	5.19E+00
145.500	6.06E+00
146.000	7.01E+00
146.500	8.03E+00
147.000	9.13E+00
147.500	1.03E+01
148.000	1.16E+01
148.500	1.29E+01
149.000	1.43E+01
149.500	1.58E+01
150.000	1.73E+01
150.500	1.89E+01
151.000	2.06E+01
151.500	2.24E+01
152.000	2.43E+01
152.500	2.62E+01
153.000	2.81E+01
153.500	3.02E+01
154.000	3.23E+01
154.500	3.44E+01
155.000	3.66E+01
155.500	3.89E+01
156.000	4.12E+01
156.500	4.35E+01
157.000	4.59E+01
157.500	4.84E+01
158.000	5.09E+01
158.500	5.34E+01
159.000	5.59E+01
159.500	5.85E+01
160.000	6.10E+01
160.500	6.36E+01
161.000	6.62E+01
161.500	6.88E+01
162.000	7.15E+01
162.500	7.41E+01
163.000	7.67E+01
163.500	7.93E+01
164.000	8.18E+01
164.500	8.44E+01
165.000	8.69E+01
165.500	8.94E+01
166.000	9.19E+01
166.500	9.43E+01
167.000	9.67E+01
167.500	9.91E+01
168.000	1.01E+02
168.500	1.04E+02
169.000	1.06E+02
169.500	1.08E+02
170.000	1.10E+02
170.500	1.12E+02
171.000	1.14E+02
171.500	1.16E+02
172.000	1.17E+02
172.500	1.19E+02
173.000	1.20E+02
173.500	1.22E+02
174.000	1.23E+02
174.500	1.25E+02
175.000	1.26E+02
175.500	1.27E+02
176.000	1.28E+02
176.500	1.29E+02
177.000	1.29E+02
177.500	1.30E+02
178.000	1.30E+02
178.500	1.31E+02
179.000	1.31E+02
179.500	1.31E+02
180.000	1.31E+02