0   1.2468445997150211e+20   1.2468445991807823e+20   9.089497128027902e+22
1   124266430.31361014   124193284.13915424   90536904137.44345
2   7769910.8275301745   7778793.788995641   5670740672.177822
3   1529023.3367484706   1537966.6710732728   1121177703.2124157
4   486038.93248591246   486957.54221088346   354992048.271734
5   201616.22792910328   199588.90216982953   145500309.68180576
6   98588.50942082732   96318.99013718565   70216543.81000836
7   53695.75521270874   52029.88419511127   37929785.578236125
8   31500.613119608417   30524.387729323797   22252278.654677056
9   19505.648805752327   19073.746683607347   13904761.332349753
10   12590.80649544224   12526.926086183392   9132129.116827693
11   8406.828108269325   8565.503507785555   6244252.05717567
12   5778.019539776774   6055.072177599069   4414147.6174697215
13   4075.1348993165143   4401.834809606983   3208937.5762034906
14   2943.2599969113294   3277.181309075872   2389065.174316311
15   2173.7333432710534   2490.55418899341   1815614.0037761964
16   1639.7200868061532   1926.9601631874211   1404753.9589636298
17   1261.9903276114203   1514.5793659930746   1104128.3578089518
18   989.9084699371047   1207.1919718027282   880042.9474441888
19   790.4742479480999   974.258742807242   710234.6235064795
20   641.8077326370835   795.1241112084805   579645.4770709822
21   529.1749801730149   655.5228725327951   477876.1740764075
22   442.5100373120961   545.4167209370491   397608.7895631088
23   374.84082009737966   457.6211288089866   333605.8029017513
24   321.27290993251563   386.9143663171669   282060.5730452147
25   278.3241969090767   329.447665112705   240167.34786716197
26   243.48374687668388   282.3475484544267   205831.36282327707
27   214.91600713373842   243.44320602619135   177470.0971930935
28   191.2604002263923   211.076705823995   153874.9185456924
29   171.4942215672931   183.96899264931062   134113.39564134745
30   154.83797046054454   161.12403077849478   117459.41843752268
31   140.68938521823154   141.75939684436239   103342.60029954016
32   128.57705938868045   125.25545484370863   91311.22658106359
33   118.1275216965016   111.1177451764578   81004.83623363773
34   109.04164365750377   98.94887747583446   72133.73167988332
35   101.07755709948889   88.42733159612166   64463.5247335727
36   94.03814826307979   79.29133018454046   57803.379704529994
37   87.76179309324603   71.32646945066287   51996.99622953322
38   82.11540539722422   64.35615945412022   46915.64024205364
39   76.9891484503248   58.234182181115834   42452.71881003344
40   72.29235290595108   52.83885853334495   38519.52787080846
41   67.95031720283603   48.06844671308275   35041.89765383733
42   63.901759642992666   43.83748970401559   31957.529994227367
43   60.096756520555424   40.07389915123121   29213.87248124755
44   56.49504668922002   36.71661423542685   26766.411777626177
45   53.06461561323238   33.7137122231711   24577.296210691726
46   49.78049526965907   31.020875862531593   22614.218503785534
47   46.62373304451106   28.60014424871771   20849.505157315212
48   43.58049492163035   26.41889005030012   19259.37084666879
49   40.64127713412854   24.44897839603512   17823.3052507096
50   37.80020696973167   22.666072246722255   16523.566667860527
51   35.05441825405606   21.0490564287443   15344.762136554595
52   32.40349063883334   19.579558212700864   14273.49793705893
53   29.848944519976587   18.24154677353088   13298.087597904014
54   27.39378543787656   17.0209973608067   12408.307076028086
55   25.04209333519558   15.905608760067919   11595.188786089513
56   22.798653184253233   14.884564805138211   10850.847742945756
57   20.66862433676121   13.948332434434416   10168.33434470269
58   18.657246558602445   13.088490168588388   9541.509332900936
59   16.769581138604448   12.297581997046159   8964.937275846647
60   15.01028574221848   11.568992555483728   8433.795572947638
61   13.383421850302309   10.896840198757149   7943.796504893963
62   11.89229370135685   10.275885160684343   7491.120282138886
63   10.539317661752975   9.701450469654755   7072.357392378315
64   9.325920902170497   9.169353679445406   6684.458832315701
65   8.252468173030978   8.675847794723918   6324.693042353736
66   7.318215356525076   8.21757003404802   5990.608554821006
67   6.521288340207837   7.791497290479878   5680.001524759829
68   5.858685618055147   7.394907329811981   5390.887443432935
69   5.326302884658822   7.025344915736968   5121.47644357225
70   4.918977752789309   6.680592175629074   4870.151696033594
71   4.630552602308435   6.358642624411665   4635.450473196103
72   4.453953463859423   6.057678350888298   4416.047517797569
73   4.381282755306031   5.776049943855642   4210.740409070762
74   4.403923626621931   5.5122587966952885   4018.4366627908653
75   4.512653633704314   5.264941480918122   3838.1423395893116
76   4.697765453068305   5.032855922915825   3668.951967805636
77   4.949192367253835   4.814869155281864   3510.039614200479
78   5.25663629673607   4.609946445585883   3360.6509588321087
79   5.609696227575512   4.417141632322145   3220.0962499628436
80   5.9979949821673655   4.235588520649518   3087.744031553498
81   6.4113024019993965   4.0644932101164715   2963.0155501749077
82   6.839653155178983   3.9031272433361353   2845.379760392043
83   7.27345754429683   3.7508214789734504   2734.348858171645
84   7.703603868666635   3.606960604789088   2629.4742808912447
85   8.121551086933144   3.4709782171552677   2530.34312030619
86   8.519410728305882   3.342352402670395   2436.5749015467177
87   8.89001720940816   3.220601765466292   2347.8186870249265
88   9.226985926028522   3.1052818507040576   2263.7504691632575
89   9.524758701950253   2.9959819207449314   2184.0708202230544
90   9.77863638695484   2.8923220456897525   2108.5027713078293
91   9.984798600230784   2.7939504745149812   2036.7898959214212
92   10.14031081130151   2.7005412569875955   1968.6945763439574
93   10.243119135196661   2.6117920899952893   1903.996433606566
94   10.292033389588743   2.527422364950197   1842.4909040486934
95   10.2866991175513   2.4471713955717025   1783.987947371771
96   10.22755941841698   2.3707968076768244   1728.3108727964052
97   10.115807549009142   2.2980730746476183   1675.2952714181133
98   9.953331357862055   2.2287901840408737   1624.7880441657971
99   9.742650695460526   2.1627524223877237   1576.6465159206505
100   9.486849002757024   2.0997772666267425   1530.737627370895
101   9.189500318281247   2.039694371847436   1486.937197076781
102   8.854592962185825   1.9823446461118992   1445.1292470155745
103   8.486451153640807   1.9275794040886374   1405.2053855806168
104   8.089655796191131   1.8752595920893296   1367.0642426331215
105   7.668965625926088   1.8252550778599963   1330.6109517599373
106   7.229239861364854   1.777443999154251   1295.756675383449
107   6.775363422381071   1.7317121657180026   1262.418168808424
108   6.312175699924755   1.68795250985116   1230.5173796814956
109   5.8444037616348075   1.64606458119004   1199.981079687539
110   5.376600772323852   1.6059540817812008   1170.7405256184952
111   4.913090293908793   1.5675324378990405   1142.7311472284002
112   4.457917009395963   1.5307164054010889   1115.8922595373936
113   4.014804292716329   1.495427705720804   1090.1667974704665
114   3.5871189217577952   1.4615926898720362   1065.5010709167145
115   3.177843107596037   1.4291420280854812   1041.8445384743159
116   2.789553891516622   1.3980104229187238   1019.1495983077498
117   2.4244098446811244   1.3681363438803393   997.3713946887675
118   2.084144894082857   1.3394617817876473   976.4676389231947
119   1.7700689946575323   1.3119320212390364   956.3984434832577
120   1.4830752730115808   1.2854954297273007   937.1261682712021
121   1.22365318380392   1.2601032620517498   918.6152780357257
122   0.9919071459806931   1.235709478805556   900.8322100492503
123   0.7875800641876909   1.2122705778220488   883.7452512322735
124   0.6100810913678997   1.189745437560828   867.3244239818437
125   0.4585169515447931   1.1680951715024914   851.5413800253161
126   0.3317261173560662   1.147282992700499   836.3693016786636
127   0.2283151253527214   1.1272740877110856   821.7828099413814
128   0.1466963128185641   1.1080354991877688   807.7578789078834
129   0.08512627217492696   1.0895360164867303   794.2717560188264
130   0.041744342576403574   1.0717460736836124   781.3028877153534
131   0.014610492295651227   1.0546376544517053   768.8308500952932
132   0.0017419886965151447   1.0381842032964828   756.8362842031358
133   0.001148304011880152   1.0223605426824791   745.3008356155273
134   0.010863763752399343   1.0071427956259358   734.2070980113073
135   0.028977508952138673   0.9925083133607869   723.5385604400137
136   0.05366041226303348   0.9784356077167757   713.2795580255296
137   0.0831886599423253   0.9649042878770305   703.4152258623553
138   0.11596378558972363   0.9518950012085327   693.9314558810204
139   0.15052901567008084   0.9393893778827994   684.8148564765609
140   0.18558186025892437   0.9273699790260128   676.0527147099633
141   0.21998295378897742   0.9158202481579009   667.6329609071097
142   0.25276121852189215   0.9047244656970899   659.5441354931785
143   0.2831154870963207   0.8940677063275632   651.7753579127935
144   0.3104127789530813   0.8838357990363996   644.3162974975353
145   0.3341834776375388   0.874015289647245   637.1571461528415
146   0.35411370121777846   0.8645934056871264   630.2885927459151
147   0.37003519603070834   0.8555580234363019   623.7017990850642
148   0.38191311414432316   0.8468976370220089   617.3883773890445
149   0.38983205681042193   0.8386013294272455   611.3403691524619
150   0.3939807798906144   0.8306587452952001   605.550225320201
151   0.3946359629512475   0.8230600654187336   600.0107876902567
152   0.39214544133447443   0.8157959828123783   594.7152714702237
153   0.38691129032194366   0.8088576802718341   589.6572489181672
154   0.3793731332696648   0.8022368093328756   584.8306340036663
155   0.3699920217833078   0.795925470547985   580.2296680294812
156   0.3592352060469087   0.7899161950050109   575.848906158653
157   0.34756207828076485   0.7842019270176598   571.6832047958741
158   0.3354115329955437   0.7787760079227775   567.7277097757049
159   0.32319094488550665   0.7736321609241544   563.9778453137086
160   0.3112669197613262   0.7687644769270287   560.4293036798039
161   0.29995792707807356   0.7641674013116233   557.0780355561734
162   0.28952887528491733   0.7598357215979114   553.9202410448772
163   0.2801876441811536   0.755764555957434   550.9523612929694
164   0.27208354277554375   0.7519493425313698   548.1710707053686
165   0.26530761780172285   0.7483858295172461   545.5732697180724
166   0.2598946977081046   0.7450700659896468   543.1560781064526
167   0.25582702036444827   0.7419983934230956   540.9168288054367
168   0.25303926070290195   0.7391674378879175   538.8530622202918
169   0.2514247475196837   0.7365741028924015   536.9625210085608
170   0.25084263710034543   0.734215562846934   535.243145315415
171   0.25112579565986193   0.7320892571280321   533.6930684463352
172   0.2520891329850292   0.7301928847223338   532.3106129625813
173   0.25353812611351917   0.7285243994326437   531.0942871863972
174   0.2552772744961922   0.727082005630095   530.0427821043394
175   0.2571182367636747   0.725864154538348   529.1549686584557
176   0.25888741347028005   0.7248695410375677   528.4298954163868
177   0.26043275970476465   0.724097100977675   527.8667866127252
178   0.26162963600352535   0.7235460089920466   527.465040555202
179   0.26238553480393584   0.7232156768045246   527.2242283904984
