1 22295664.587532416
2 4080696.612855914
3.0000000000000018 1293748.6054581648
4.000000000000005 493022.71308272623
5.000000000000002 241462.16832691556
6.000000000000002 127935.10863709378
7.000000000000005 74062.79595660072
8.000000000000002 45204.2435304226
9.000000000000002 28971.920090878233
10.000000000000005 19953.427114721177
11.000000000000002 14036.00229689277
12.000000000000002 10216.77500626136
13.000000000000002 7623.947734231121
14.000000000000005 5991.333236463066
15.000000000000002 4664.584494392155
16 3825.7356673804456
17.000000000000007 2987.2108326606685
18 2398.242789780474
19 1909.326698642921
20 1565.4699926760281
21 1284.9920863239945
22 1057.3328421484193
23 842.6847348561864
24 731.639293650906
25 569.7858067778561
26 479.7895740140288
27 423.0546520160788
28 364.6303068936946
29 296.7409995084165
30 256.8695037756968
31 219.27201468857683
32.00000000000001 210.28897138237855
33 190.4718636771246
34 172.61214153551217
35.00000000000001 156.76522017116778
36 145.74867128565927
37 138.29710272596196
38.00000000000001 126.2715256331591
39 116.50995638724547
40 107.82908510708043
41.00000000000001 103.73517090909623
42 98.25882923083816
43 96.94737650641994
44.00000000000001 91.68180633898416
45 85.72921616196965
46 80.03489533414763
47.00000000000001 72.02361253548108
48 68.1622551151108
49 63.60159632765381
50.00000000000001 59.11596730939957
51 54.78482300724107
52 48.43735404308306
53 45.767351787160216
54.000000000000014 43.300746841259176
55 35.513368286326184
56 31.883527474182586
57.000000000000014 30.36999993862209
58 27.519338888332086
59 23.68211750513972
60.000000000000014 20.86810431360228
61 19.30890068438849
62 17.232484845440847
63.000000000000014 15.072683690609281
64 12.858470341827907
65 10.86729275366128
66.00000000000001 10.266577631414151
67 8.565512666328125
68 7.790654176264334
69 6.977021675997518
70 6.462988400525649
71 6.049833246730662
72 5.643750024514266
73 5.403210767173831
74 5.26740470112615
75 5.130336590695316
76 5.129661803357935
77 5.274107145489302
78 5.179012246690262
79 5.254328554557491
80 5.537846908979798
81 6.005803602063239
82 6.480612895191904
83 6.969055127146939
84 7.317038815874402
85.00000000000001 7.6825684603277695
86 8.062781829676034
87 8.459657066352634
88.00000000000001 8.497179118865153
89 8.993809806090871
90 9.443277510557898
91.00000000000001 9.689771179909288
92 9.944665532188209
93 10.170501999917887
94.00000000000001 10.459644147011439
95 10.436151341384289
96 10.736566646389385
97.00000000000001 10.734534089621098
98 10.73452331469948
99 10.734523266946523
100.00000000000001 10.734523265175884
101 10.734521305374642
102 10.733968937911246
103.00000000000001 10.552266690000694
104 10.20108054828468
105 9.770486469443753
106.00000000000001 9.397640725672737
107 9.214073207334662
108 9.21061608057005
109.00000000000001 8.769324628373344
110 8.578978978301386
111 8.126830733752028
112.00000000000001 7.7557649272827085
113 7.049756332234986
114 6.5910819068662825
115 6.303922227300644
116 5.81430670048237
117 5.406083851600477
118 4.8979727871677134
119 4.437300326042953
120.00000000000003 4.019742627728905
121 3.6002321812410703
122 3.2230220836774746
123 2.764453614830594
124 2.446019244351493
125 2.0015510187893737
126.00000000000003 1.6822178843194158
127 1.346528858373746
128 1.0790865844113433
129 0.8314213373609343
130 0.6071367053304635
131 0.4330367044196001
132.00000000000003 0.27006327217932713
133 0.14849479362405343
134 0.06441162914670846
135 0.01815713401758759
136 0.00881628878072857
137 0.02935287263489026
138.00000000000003 0.08931601403489883
139 0.18642830773800373
140 0.32673006118281933
141 0.49533537411925205
142 0.6835270500915622
143 0.9173218110721519
144.00000000000003 1.2182274862289024
145.00000000000003 1.4792452944529102
146 1.8026031528710198
147 2.1347888201651903
148 2.5844243311605455
149 3.0098404184048375
150.00000000000003 3.41227844511398
151.00000000000003 3.8479996518182085
152 4.253626145216842
153 4.6853952059994475
154 5.18269544454234
155 5.734225316583302
156.00000000000003 6.294690873215359
157.00000000000003 6.817734281361207
158 7.325438373543606
159 7.68596215918853
160 8.26380042673661
161 8.83369265311129
162.00000000000003 9.510484535536907
163.00000000000003 9.927739401815401
164 10.519906506559082
165 10.492069803364144
166 11.00642777187846
167 11.583885591823813
168 12.156783516199539
169.00000000000003 12.415030530162575
170 12.866915242336175
171 13.147885862566726
172 13.535312001249146
173 13.50327444669117
174 13.865398234921084
175.00000000000003 14.203995217162326
176 14.201987236178297
177 14.591710996049928
178 14.57021395892647
179 14.560657444422702
