1.5000000000000018 649303.578777441
3.0000000000000036 122564.34906341662
4.5 33808.622970028875
6 11556.19556285569
7.5000000000000036 6191.054361257141
9.000000000000004 2921.546427060886
10.500000000000004 1579.8348877611086
12.000000000000004 1027.2274191443503
13.500000000000004 638.2777268426586
15.000000000000004 426.51326776498826
16.500000000000004 325.0985361247184
18.000000000000004 213.01601189228916
19.500000000000004 165.12695195409992
21.000000000000004 123.83882189321976
22.50000000000001 100.03819913828312
24.000000000000018 81.88045666835214
25.50000000000001 67.21005021332611
27.000000000000004 54.976942521860735
28.50000000000001 43.99348005677127
30.00000000000001 37.527321819375224
31.500000000000018 31.430849655472148
33.000000000000014 26.761564218424866
34.500000000000014 21.96028836018482
36.000000000000014 18.61940086290269
37.500000000000014 15.722654416603225
39 12.993305970975097
40.500000000000014 10.772451493046503
42.000000000000014 9.190742162999879
43.500000000000014 8.322712793585715
45.000000000000014 6.24440178240674
46.500000000000014 5.495223529764452
48.000000000000014 4.830078669712874
49.500000000000014 3.944312237699896
51.000000000000014 3.4018161257708446
52.5 3.0325599424403684
54 2.6360473885476736
55.500000000000014 2.370781516574266
57.000000000000014 2.195904234847017
58.500000000000014 2.087990022709131
60.000000000000014 2.0433780910330706
61.50000000000003 2.0151489531704088
62.999999999999986 1.9555889574833691
64.50000000000001 1.9889165675274842
66 2.03582035279577
67.50000000000001 2.0582900672165674
69.00000000000001 2.1577580900744957
70.50000000000001 2.1400787065317264
72.00000000000001 2.194566537705749
73.50000000000003 2.2551576928479924
75 2.317991068926877
76.5 2.379746770205739
78.00000000000001 2.3725536327604284
79.50000000000001 2.371626688323412
81 2.357603280261562
82.50000000000001 2.325247911770723
84.00000000000001 2.254469530425137
85.50000000000003 2.188404303698018
87.00000000000001 2.1382207338723123
88.5 2.0522700558792093
90.00000000000001 1.9318929899417683
91.50000000000003 1.8392637582258513
93.00000000000001 1.747863969456453
94.50000000000001 1.623347848290873
96.00000000000003 1.4972808834202114
97.5 1.409492788709073
99 1.2421804344001632
100.50000000000001 1.1104671722160082
102.00000000000001 0.972298988355307
103.50000000000001 0.8495148652936403
105.00000000000001 0.7287972531061523
106.50000000000003 0.6112638388445941
108.00000000000001 0.5020979867166467
109.50000000000001 0.4047410729784273
111.00000000000001 0.2917955370628506
112.50000000000001 0.2232083973315545
114.00000000000001 0.15283820509071944
115.50000000000001 0.09916114672334761
117.00000000000001 0.0604091874070851
118.50000000000001 0.022930068107644884
120.00000000000001 0.008518080745018376
121.50000000000001 0.006191743308298334
123.00000000000001 0.01773106090989001
124.50000000000001 0.04481890229478086
125.99999999999999 0.08965434364791831
127.49999999999999 0.13792734217430092
129 0.23892132202690866
130.5 0.29045424110234047
132.00000000000003 0.41803239135229375
133.5 0.5345200713551286
135.00000000000003 0.6515853528661413
136.50000000000003 0.783805415346685
138.00000000000003 0.9299466937711935
139.50000000000003 1.0784462457408486
141.00000000000003 1.2101105093571243
142.5 1.424147688034164
144.00000000000003 1.6042597584648526
145.50000000000006 1.8084731705415247
147.00000000000003 1.9451630830004003
148.5 2.1428245292073616
150 2.3082219667561246
151.5 2.514666211079768
153.00000000000003 2.812282150578839
154.50000000000003 2.9029034923005814
156.00000000000003 3.063604604896536
157.50000000000003 3.2603219019253578
159.00000000000003 3.4532885021720583
160.50000000000003 3.6206287222605087
162 3.8601405238852866
163.50000000000003 4.033578458487142
165.00000000000003 4.158426068401307
166.50000000000003 4.249151136288905
168.00000000000006 4.384287318568416
169.50000000000003 4.51112620135309
171 4.59488987202511
172.5 4.604802529690367
174.00000000000003 4.735526819247649
175.5 4.6817085995594665
177.00000000000003 4.820264297932234
178.5 4.804859763680685
