0   3.871550954651323e+19   3.871551746438178e+19   1.2543827658459698e+22
1   47327809.95052745   38563003.47459102   12494413125.767488
2   1002518.9266490426   2415377.4013823164   782582278.0478705
3   377708.15763435455   477550.8956985998   154726490.2063463
4   169079.21080299647   151204.19370838036   48990158.761515245
5   17166.577124378487   61973.943125950405   20079557.572807934
6   3647.401967191402   29907.813269255294   9690131.499238715
7   14263.397200315263   16155.693272033222   5234444.620138765
8   8091.752981447863   9478.065406071106   3070893.1915670387
9   653.071716521604   5922.550198521773   1918906.2643210546
10   869.7961082917694   3889.7102813237907   1260266.1311489083
11   2438.961516279831   2659.657032358154   861728.8784840418
12   1354.2778719758785   1880.14811784848   609167.9901829074
13   87.77324771992178   1366.804753043273   442844.7399860205
14   322.10551157544467   1017.5908873394114   329699.4474979693
15   710.016959764631   773.3369039198367   250561.1568700271
16   363.9978422816415   598.3364719233444   193861.01690316355
17   22.458777903610496   470.2889512760779   152373.62021344926
18   144.11497821834095   374.8427181534715   121449.04068172476
19   267.49082488473283   302.5150960814442   98014.89113038794
20   126.54610041791466   246.89236681194134   79993.12684706901
21   10.069179079633047   203.5450707852439   65948.60293441902
22   71.11393544314429   169.35623411833467   54871.419854340435
23   117.29241764322079   142.09500378888518   46038.781227598796
24   53.08351825971152   120.13999111208062   38925.357120314125
25   6.2296131477058   102.29612287410166   33143.943811208934
26   36.746317299913336   87.67116166998612   28405.4563810755
27   56.98201816007872   75.59105361393597   24491.50137091526
28   26.282297578056227   65.54099761928865   21235.28322864952
29   4.336612714634849   57.12383686386255   18508.123143891466
30   19.361762917968566   50.03029432565193   16209.815361511224
31   30.040650882723636   44.01742131997945   14261.64450767334
32   15.270940858857944   38.892815934695115   12601.272362841215
33   3.1935859866218026   34.50294452739675   11178.954026876549
34   10.085541068819284   30.724414225426653   9954.710209038238
35   16.82678704540097   27.45739046379706   8896.19451027025
36   10.145627317980983   24.62058929036225   7977.07093007737
37   2.5620263399897247   22.14743662124526   7175.769465283465
38   5.098063606501236   19.983099874062745   6474.52435919633
39   9.889480748911891   18.08217719143432   5858.62541002472
40   7.516350967737108   16.40688624460334   5315.831143251482
41   2.347106733260861   14.925635395371605   4835.905868100401
42   2.408025267614569   13.611889559818298   4410.252217381128
43   5.863927325927704   12.44326472982071   4031.617772461909
44   5.8856558454335435   11.400801034857198   3693.859535293732
45   2.397499896469739   10.46837605282094   3391.7538411139844
46   1.066124499966733   9.632228924160644   3120.8421714280485
47   3.3457982437744165   8.880572485717796   2877.305485372566
48   4.683005245715577   8.203275691325151   2657.8613239893493
49   2.6238641769362996   7.591602439469269   2459.679190388043
50   0.591223116553145   7.0379958857220855   2280.3106669739554
51   1.6779035519604109   6.535899600569632   2117.6314705845607
52   3.5721972783363207   6.079608705260883   1969.793220504526
53   2.8385346357484114   5.664145500986964   1835.1831423197764
54   0.6904549170166908   5.285155191083776   1712.3902819111433
55   0.608507113769997   4.938818150526778   1600.1770807706762
56   2.4111905024856024   4.621775873606665   1497.455383048559
57   2.8405015718114286   4.33106826880557   1403.2661190930044
58   1.1527245424595742   4.064080399733134   1316.762049513535
59   0.1347709814625162   3.818497115752241   1237.1930655037258
60   1.2864452865836802   3.592264293572894   1163.8936311176176
61   2.4950878492519766   3.3835556355519114   1096.2720259188193
62   1.7238349458549314   3.190744152574008   1033.8011054339788
63   0.25483769527782574   3.01237760771898   976.0103449009495
64   0.37761756341417285   2.847157318136569   922.4789710762482
65   1.704427812633131   2.6939198119448307   872.8300190701252
66   2.0088835459552694   2.551620918733576   826.7251776696786
67   0.8303218978641892   2.419321939730518   783.8603084726878
68   0.02018445060487288   2.2961775995414953   743.9615422514444
69   0.7188081573455631   2.1814255277460135   706.7818709897082
70   1.704527522440175   2.074377057236454   672.098166544611
71   1.4351215109736708   1.9744091584221424   639.7085673287742
72   0.35598542488980056   1.8809573554035102   609.4301831507373
73   0.061143136980478956   1.7935094928703388   581.0970756899898
74   0.875426916025541   1.7116002415366431   554.5584782578725
75   1.509435024907895   1.6348062460017867   529.6772237045789
76   1.0425228822498178   1.5627418325217717   506.32835373705404
77   0.177201157854279   1.4950552056968907   484.39788664579265
78   0.10450276769699354   1.4314250728696254   463.7817236097586
79   0.8229843255037804   1.3715576433596965   444.3846764485416
80   1.263146891326251   1.3151839567728298   426.1196019943969
81   0.8299940205924066   1.262057500698286   408.9066302262446
82   0.1382918813919724   1.2119520833179191   392.67247499500576
83   0.077855897219713   1.1646599309199068   377.3498176180499
84   0.6368990533792326   1.1199899841552077   362.87675486628723
85   1.0211279863514724   1.0777663701880416   349.1963039409255
86   0.7414948965705004   1.037827030752066   336.25595796366935
87   0.18055360389360428   1.000022488597638   324.00728630563475
88   0.018134212195625173   0.964214736958807   312.4055747746535
89   0.38046048802801263   0.9302762385287016   301.4095012832994
90   0.766197276378257   0.8980890220488673   290.980843143833
91   0.7109281064228885   0.8675438660260731   281.08421259244767
92   0.3060088302942013   0.8385395603179536   271.68681754301696
93   0.015149938857399495   0.8109822374013886   262.7582449180499
94   0.11708656069308004   0.7847847660758159   254.2702642085644
95   0.441651589181995   0.7598662011756828   246.1966491809212
96   0.6169893212817319   0.7361512835875417   238.51301588236356
97   0.47339776040830556   0.7135699855010185   231.19667530233002
98   0.17425411164723478   0.6920570963805089   224.2264992272849
99   0.008180651348895078   0.6715518456357805   217.5827979859929
100   0.1058953798877868   0.6519975584031263   211.24720892261297
101   0.34746850533133433   0.6333413412316585   205.20259455905736
102   0.499974839077931   0.6155337948080666   199.43294951781357
103   0.4292966039905863   0.5985287511531816   193.92331537363086
104   0.20399312596600155   0.5822830329897212   188.65970268866968
105   0.0225823157721253   0.566756233216793   183.62901956224093
106   0.03890246873823505   0.5519105126367031   178.8190060942918
107   0.23342783917296184   0.5377104142664447   174.2181742223281
108   0.43502371493129693   0.5241226927327326   169.81575244540542
109   0.4707715376033472   0.5111161573979213   165.6016349969265
110   0.3129637165384231   0.49866152799672503   161.56633507093892
111   0.09702688359962458   0.48673130168217543   157.70094174502483
112   7.055042658283371e-05   0.4752996304852982   153.99708027723665
113   0.09158415508332918   0.46434220828797684   150.4468754853045
114   0.2848248227041435   0.4538361664936643   147.04291794394726
115   0.42031358006629144   0.4437599776570317   143.7782327608782
116   0.39798307930215915   0.4340933664023514   140.64625071436186
117   0.24512603238417177   0.42481722702216873   137.64078155518266
118   0.07711129044844957   0.4159135472034284   134.75598929391083
119   0.0008917528939901483   0.4073653373783204   131.98636931057578
120   0.04501432563608961   0.3991565652422915   129.32672713850246
121   0.15944012098869237   0.39127209502244864   126.77215878727336
122   0.2653914816094357   0.38369763111643423   124.31803248172471
123   0.3065807270552229   0.37641966575516056   121.95997170467203
124   0.27039036568824837   0.36942543037294917   119.69383944083555
125   0.18062238943001513   0.3627028503959355   117.5157235282831
126   0.07963051773363795   0.35624050318434414   115.42192303172747
127   0.011632321994946277   0.350027578886723   113.40893555929823
128   0.00790921873003769   0.3440538439846037   111.47344545101159
129   0.07341026520246323   0.33830960732460086   109.61231277317066
130   0.18083187478636187   0.33278568845181594   107.82256305838835
131   0.28021561508466714   0.3274733880737572   106.1013777358973
132   0.3233490443457225   0.32236446049795564   104.44608520133764
133   0.28982385695833457   0.31745108789920184   102.85415247934138
134   0.19781547996367937   0.312725856283945   101.32317743599819
135   0.0922735001668783   0.30818173303000596   99.85088150172194
136   0.018854889747746413   0.30381204588944494   98.43510286818015
137   0.0010188119951063796   0.29961046335128433   97.0737901258161
138   0.03359443089508258   0.2955709762688981   95.76499631112299
139   0.0932006418455234   0.29168788066429335   94.50687333523108
140   0.15487375236116369   0.2879557616283122   93.29766676757316
141   0.2029126752787993   0.2843694782420177   92.13571095041374
142   0.23139324753816634   0.2809241494502439   91.01942442187904
143   0.2386195949336545   0.27761514082354183   89.94730562682754
144   0.2230031934014656   0.2744380521495782   88.91792889646335
145   0.18428268284963478   0.2713887057994818   87.9299406790321
146   0.1279145345288845   0.2684631358187079   86.98205600526137
147   0.06725430808665728   0.26565757769575493   86.07305517342458
148   0.020011176277305077   0.26296845876552777   85.201780640031
149   0.00036287177835461743   0.2603923892073327   84.36713410317581
150   0.0119184560787069   0.2579261536004372   83.56807376654163
151   0.04642062990816702   0.2555667030028495   82.80361177292323
152   0.08901130968427974   0.253311147521486   82.07281179696149
153   0.1263260861681513   0.25115674934421456   81.3747867875255
154   0.15218160007004536   0.24910091620642738   80.70869685088248
155   0.16802619450730377   0.2471411952667802   80.07374726643678
156   0.1792251826054976   0.24527526736858704   79.4691866274222
157   0.19041798403304486   0.24350094166508066   78.89430509948613
158   0.20256484163960953   0.24181615058833983   78.3484327906221
159   0.21246185295767142   0.24021894514316924   77.83093822638685
160   0.21433913072530747   0.23870749050860107   77.34122692478675
161   0.2028470634994139   0.23728006193097198   76.87874006563491
162   0.17631349654607917   0.23593504089373518   76.44295324957021
163   0.1385058175630534   0.23467091155028813   76.03337534229334
164   0.09742162955065135   0.23348625740714807   75.64954739991599
165   0.06149591869831691   0.23237975824579704   75.29104167163823
166   0.03570416284869432   0.23135018727243858   74.9574606762701
167   0.02020785145047962   0.23039640848578538   74.64843634939447
168   0.012035340120928944   0.22951737425381225   74.36362925823515
169   0.007867926118637318   0.2287121230911905   74.1027278815457
170   0.005621056743364779   0.2279797776298496   73.86544795207126
171   0.004251658757369946   0.2273195427758121   73.65153185936312
172   0.0030228142797091404   0.22673070404610973   73.46074811093955
173   0.0015198009348687796   0.2262126260802229   73.29289084999222
174   0.00033539735786466214   0.22576475132109272   73.14777942803406
175   0.0012736177282546197   0.22538659886133522   73.02525803107262
176   0.0063053220176565805   0.22507776345085131   72.92519535807581
177   0.01582336634908502   0.22483791466256917   72.84748435067243
178   0.02759732522678223   0.2246667962135813   72.79204197320034
179   0.03742814151780429   0.224564225439457   72.75880904238406
