0   1.012401486129401e+21   1.0124014827675213e+21   5.125282506510576e+21
1   998748349.1328168   1008413278.5662212   5105092222.741495
2   64099831.46147965   63161538.90626209   319755290.71295184
3   12339562.975958606   12487841.22146927   63219696.183688186
4   3995818.46738454   3953953.348340613   20016888.825974353
5   1702511.1558950974   1620603.7274688436   8204306.37031102
6   627439.7754021714   782082.1335523819   3959290.8011089335
7   467967.3228255673   422467.4986919972   2138741.7121282355
8   275256.02483383205   247849.1338699497   1254736.2402166205
9   186814.96884331194   154873.26517758242   784045.9049615111
10   143294.35928421235   101714.9896025847   514932.1348630849
11   70259.64234483731   69549.39258372785   352093.7999551222
12   30926.07939473075   49165.42169644382   248899.94733824683
13   29499.348627745894   35741.61600468749   180941.93102373043
14   24600.09236483886   26609.757292820126   134711.8962949019
15   10516.206313286204   20222.574292790458   102376.78235725166
16   3514.1959102627256   15646.355028739485   79209.67233299365
17   5382.010042738661   12297.943119037855   62258.33704012915
18   6596.570090868381   9802.047047732582   49622.8631791462
19   3694.6986590353404   7910.697102632772   40047.9040820784
20   653.6212459322707   6456.176092037248   32684.39146593857
21   233.3435626305959   5322.654712353634   26945.93948129027
22   958.6291204024011   4428.624845194573   22419.913278797525
23   864.5084753784877   3715.7502198458883   18810.985487969807
24   195.61416763500142   3141.6319116345685   15904.511552650001
25   62.48650075565268   2675.0190430591165   13542.283905486776
26   480.90890349395664   2292.5798202827236   11606.18534018129
27   652.6528584294074   1976.6878960900906   10006.982473956085
28   333.3994507682148   1713.8813457130163   8676.524312672145
29   61.11887098865183   1493.7746136429673   7562.233981567522
30   230.62987909240414   1308.2801800385112   6623.168411444964
31   565.8853217557609   1151.0449951482137   5827.1652879378325
32   614.5941835514227   1017.0377951816008   5148.753838106854
33   379.09317218097635   902.2437122664918   4567.608793349115
34   224.80852734039198   803.4360524201295   4067.3950153769056
35   344.48071600728736   718.0041657469509   3634.8960890939393
36   561.2320890992812   643.8224964216147   3259.3513881344247
37   636.4767551374837   579.1501481409024   2931.947624963318
38   572.2623503780329   522.5532620455095   2645.425889105392
39   533.5914184147496   472.8445904698302   2393.7757392535145
40   589.0332352787867   429.0361345916655   2171.995431370306
41   644.422021979919   390.30178066000207   1975.90276459126
42   602.9306815792779   355.9476426036669   1801.9849406810638
43   489.33219347555456   325.388383986577   1647.278693932046
44   389.4395098118534   298.1282087484874   1509.2740567892172
45   329.7040101136976   273.74551942368475   1385.8366920824042
46   266.63163072301575   251.88047284006927   1275.144893752851
47   171.2135261257404   232.22483751215736   1175.6382399052968
48   73.77799198024113   214.51368901601134   1085.9755506435574
49   18.710448930188544   198.51858039534403   1005.0003132514291
50   9.085103499497503   184.0419019834101   931.7121287910138
51   17.392024211187866   170.91220472318196   865.2430364111087
52   34.90927701356528   158.9803074055524   804.837806240609
53   85.79614928268124   148.116044402243   749.8374747863553
54   191.84377856380326   138.20553882644893   699.6655403088978
55   341.0181940130072   129.1489084011989   653.8163487810695
56   499.2078269571179   120.85832900886061   611.8452906073568
57   643.4404692840191   113.25639496721467   573.3604995215245
58   773.2861138020984   106.27472631772422   538.0158019834788
59   893.8759308216177   99.8527824272955   505.5047110381833
60   1000.0610773050466   93.93684846526679   475.5552953554131
61   1081.357021085093   88.47916718692004   447.9257838837827
62   1134.4130143669167   83.43719321767063   422.40079066445753
63   1161.7522819284204   78.77295091086222   398.7880639862399
64   1158.8508902194064   74.45248002188595   376.9156801107976
65   1110.1918669687766   70.44535604047876   356.62961495492385
66   1003.6665151959689   66.72427416120932   337.7916379411222
67   848.2622138875006   63.26468763664463   320.27748116051345
68   674.3499995900405   60.044492718250645   303.9752443861439
69   514.9524100084975   57.04375360264224   288.78400261337634
70   386.24167750981735   54.24446181036338   274.6125879149646
71   284.40478051796634   51.6303252672609   261.3785216655083
72   198.23054792307155   49.1865830641403   249.0070767622103
73   123.17688698762483   46.89984246265197   237.43045246717554
74   65.24099710824075   44.75793521373292   226.5870470195229
75   34.79899554504382   42.749790675340584   216.42081529391172
76   38.143508164090775   40.865323571702866   206.88070058174577
77   72.89370653553007   39.09533453761377   197.92013109666973
78   128.22574770557128   37.43142184724914   189.4965731016988
79   188.22293079284808   35.86590294488414   181.57113365847593
80   236.9399648462367   34.39174458080901   174.1082069403456
81   263.9021926817529   33.00250051469174   167.07515885562694
82   267.71296940126166   31.692255884815946   160.44204541688072
83   255.32798346948417   30.455577458521805   154.18136088376664
84   236.9347198791933   29.287469079721642   148.26781221609082
85   219.61861677470878   28.18333171600205   142.6781168122604
86   203.98845645773818   27.138927582622294   137.39082088702534
87   185.6161379584908   26.150347885406525   132.38613616987055
88   159.60501704586835   25.21398378057246   127.64579288914805
89   124.78920009596341   24.326500198178067   123.15290725327647
90   85.0235421764516   23.484812218149823   118.89186185438352
91   47.398774255313356   22.68606372467323   114.84819760615824
92   18.997327127336828   21.927608096834653   111.00851599022545
93   4.090108238205605   21.206990721450207   107.36039052734165
94   2.9064637696593274   20.521933138552864   103.89228651392385
95   12.149460927129962   19.87031865150531   100.59348817324562
96   26.745657745964074   19.250179252567104   97.45403246612096
97   41.95800009492051   18.659683731316637   94.46464888979048
98   54.93694783968708   18.09712684791053   91.61670466754708
99   65.09575688045139   17.56091946601046   88.90215479667795
100   73.31347007757394   17.049579551542983   86.31349647968636
101   80.58512087977441   16.561723953471656   83.84372751445026
102   86.9678467214081   16.096060891618425   81.48630826381829
103   91.37629352617085   15.65138308441695   79.2351268648608
104   92.19635941865968   15.22656145643685   77.08446737321154
105   88.22217964417445   14.820539371695022   75.02898056920606
106   79.33974815866414   14.432327344260214   73.06365718031732
107   66.64207499347712   14.060998182543068   71.18380329912429
108   52.02339171727187   13.705682528017261   69.3850177980874
109   37.535235886933066   13.365564752999903   67.66317156206202
110   24.817557740638822   13.03987918558649   66.0143883770316
111   14.802582003161502   12.727906632934603   64.43502732923142
112   7.730592923632517   12.428971176863866   62.921666582873335
113   3.3888136015841934   12.142437218223549   61.47108841725671
114   1.4186759873102752   11.867706748706642   60.080265415327375
115   1.540007928800857   11.604216830788392   58.74634770586623
116   3.604855925141032   11.351437268263387   57.4666511705834
117   7.490733128486072   11.108868451470617   56.238646535569984
118   12.92720340350038   10.876039362749976   55.05994927392176
119   19.378304905382453   10.652505728983902   53.928310252981
120   26.063536043350208   10.437848309259055   52.841607065623954
121   32.11836849443355   10.231671306749687   51.797835990420296
122   36.81994730275439   10.033600894887757   50.795104530369265
123   39.77413715465423   9.843283848755982   49.83162448432717
124   40.985188499644686   9.660386273428717   48.90570550923289
125   40.78797257768417   9.484592421699537   48.0157491348539
126   39.6815352117524   9.315603594281882   47.160243196052036
127   38.135893408654105   9.153137116156653   46.33775665054306
128   36.44362848952162   8.996925383273844   45.54693475282384
129   34.661466176811636   8.84671497430011   44.7864945573943
130   32.649451446261715   8.702265822544875   44.05522072663343
131   30.181072804992613   8.563350443598924   43.35196162071956
132   27.07685228198309   8.4297532145847   42.67562564883504
133   23.310994569548793   8.301269701250698   42.025177862581664
134   19.05480804377029   8.177706029446306   41.39963677407193
135   14.645819368892992   8.058878297790683   40.798071382565325
136   10.498367392647122   7.9446120286027755   40.21959839480155
137   6.990485952277666   7.834741654391264   39.66337962535577
138   4.366990522948567   7.72911003741519   39.1286195644144
139   2.689314450091255   7.627568020020055   38.614563101351536
140   1.8437599820875417   7.529974003631967   38.12049339338683
141   1.5993641195097268   7.436193554455502   37.64572986943098
142   1.6917705016765943   7.346099034070426   37.18962635998154
143   1.9043970250233393   7.259569253259779   36.751569344627626
144   2.1228829318445124   7.176489147527918   36.33097630936008
145   2.350130020248485   7.09674947288326   35.92729420647151
146   2.6826336728908378   7.0202465205670315   35.539998010370596
147   3.2600023166430763   6.946881849507651   35.16858936313249
148   4.205738204441758   6.876562035370989   34.812595304065624
149   5.577522305080017   6.809198435160079   34.47156707799791
150   7.340277173717624   6.744706966395077   34.145079017375075
151   9.367282025856351   6.683007899975211   33.8327274936245
152   11.46623169280767   6.624025665890448   33.5341299335704
153   13.420828472722812   6.567688671011123   33.24892389699381
154   15.035765389905704   6.5139291282403695   32.97676621171687
155   16.17397100339693   6.462682896366169   32.71733216285374
156   16.778786956752672   6.413889329998215   32.47031473311596
157   16.87867699211422   6.367491139019752   32.235423891287496
158   16.57639841790351   6.323434257026242   32.01238592619535
159   16.027236313916553   6.28166771826145   31.80094282369859
160   15.411702356779815   6.242143542597765   31.60085168440118
161   14.907465324082176   6.204816628141154   31.411884179964595
162   14.664013796579015   6.169644651072661   31.233826046055345
163   14.782448085668882   6.136587972367717   31.066476610111565
164   15.30218585726327   6.10560955106197   30.90964835225122
165   16.19604027089618   6.07667486375827   30.763166497776247
166   17.374688069197198   6.0497518300935   30.626868639848343
167   18.700644069845147   6.02481074390685   30.500604391028425
168   20.010336909873658   6.001824209872488   30.38423506247947
169   21.14099273882707   5.98076708538   30.277633369736254
170   21.957501084778187   5.96161642746508   30.180683164041962
171   22.373988404999917   5.944351444611179   30.093279188344102
172   22.365751862163844   5.928953453260294   30.015326857130237
173   21.969396743028955   5.915405838887438   29.946742059367654
174   21.27196578929167   5.903694021509439   29.887450983891537
175   20.392551745387195   5.893805425513715   29.837389966663178
176   19.4613393316251   5.88572945370751   29.796505359394263
177   18.600864336389034   5.8794574655022585   29.76475341910518
178   17.912738747576768   5.8749827591614805   29.742100218255
179   17.470725098798052   5.872300558054199   29.72852157514938
