0   6.710792641999967e+20   6.710792675677341e+20   5.435742067298647e+22
1   666542150.2842481   668435651.1765345   54143287745.29929
2   41098862.4720525   41867184.10545685   3391241912.5420055
3   9006122.170538569   8277675.885555909   670491746.7300286
4   2340504.7463057213   2620912.910704137   212293945.76703507
5   961833.9408453754   1074231.499023859   87012751.42093255
6   754792.4982940479   518410.0520353176   41991214.21486072
7   313168.1136707621   280036.31407017674   22682941.439684313
8   121357.0717819135   164288.98816907092   13307408.041694745
9   132170.37878490856   102659.11215092673   8315388.084225064
10   110089.2713719618   67422.67952489413   5461237.041516425
11   43596.200001950754   46101.42935318724   3734215.777608166
12   5712.820283420249   32589.734155184677   2639768.4665699587
13   7551.019498455566   23691.645951115905   1919023.3220403884
14   16535.36007245254   17638.512722646305   1428719.5305343505
15   13697.63328051057   13404.712039379952   1085781.6751897763
16   4787.751536540325   10371.324668636764   840077.2981595777
17   236.62287522188862   8151.800250581717   660295.820297119
18   1433.1890644608065   6497.373488109907   526287.2525369024
19   3504.7587439753   5243.6754666469005   424737.712798399
20   3210.3570331249716   4279.533363867637   346642.2024732785
21   1461.1987409912776   3528.1687025170513   285781.6649038811
22   446.1326976531915   2935.553106185936   237779.8016010608
23   718.8607893054229   2463.0178624219034   199504.44685617415
24   1251.6267820177914   2082.4584694047453   168679.13602178436
25   1162.2890222737658   1773.160006876516   143625.9605569978
26   624.2408513387965   1519.6567891526745   123092.19992136664
27   291.9277489534711   1310.2650362502015   106131.46793626633
28   395.38212514976215   1136.0613923984183   92020.97278427184
29   606.3512712903268   990.1617003705923   80203.09773001798
30   573.9631591847616   867.2050761854073   70243.61117101798
31   330.2318238966017   762.9803446850009   61801.407919485064
32   152.12664588010765   674.1524882139056   54606.35154532637
33   185.005808002589   598.0602161311009   48442.877506619174
34   309.2389966530144   532.5646858218025   43137.739551566
35   334.25105171507886   475.935404937263   38550.76779991831
36   224.01470926245082   426.76343001905786   34567.837831543686
37   100.51194142045132   383.89479257152453   31095.47819829349
38   76.22478237709015   346.37904658142094   28056.702773095094
39   136.72720954326695   313.4292144440927   25387.766369971512
40   184.9452358047625   284.39039241113136   23035.621785301642
41   160.33879731772257   258.71498368384175   20955.91367839118
42   91.14566916021185   235.94303974936216   19111.386219698332
43   44.08738066562943   215.68656517950123   17470.611779539602
44   49.264548413847216   197.61691717529533   16006.97029119892
45   80.90779763944967   181.454636131721   14697.825526669401
46   96.56695562643782   166.96119682288452   13523.856942653645
47   80.35419639431183   153.93228528536306   12468.515108114409
48   49.16291232614926   142.19229402410338   11517.575815952372
49   28.36202748756335   131.58979495576816   10658.77339141722
50   28.370473952246947   121.99380076684517   9881.497862114456
51   41.07388666121479   113.29066493510584   9176.543859743575
52   51.34140556884339   105.38150137805584   8535.901611622523
53   49.49633685435704   98.1800286589584   7952.582321375631
54   36.41496541416025   91.61076247727598   7420.471760659354
55   21.048537611159873   85.60749498324358   6934.207093642732
56   13.516745211942249   80.11201118454976   6489.072905948532
57   17.769283711650168   75.07300204084483   6080.913165308431
58   28.472726035944728   70.44514129246565   5706.056444689718
59   35.08154222657762   66.18829904588073   5361.252222716339
60   30.634198934711726   62.266869951007564   5043.6164660316135
61   17.92052251254967   58.64919769624251   4750.585013395644
62   7.1458710346515275   55.30708070414752   4479.87353703595
63   6.838475860388191   52.215346481816084   4229.443065027102
64   16.25533096715917   49.35148418106551   3997.4702186663058
65   26.241069817064062   46.69532664646287   3782.321458363492
66   27.54919502922674   44.22877464648607   3582.530746365372
67   18.852436308007118   41.93555715272503   3396.7801293707275
68   7.3959727517427   39.801022500174156   3223.882822514107
69   2.2751117552053666   37.81195606542383   3062.7684412993294
70   6.7211607593308385   35.95642076875908   2912.470082269486
71   15.964530551954098   34.223617264884616   2772.1129984556537
72   21.828445779670673   32.60376115472608   2640.9046535328125
73   19.548932601340123   31.087974943341617   2518.1259704106706
74   11.134007351777768   29.668192799331585   2403.1236167458583
75   3.0999011922685233   28.3370764498073   2295.3031924343913
76   1.06821919483447   27.087940780618357   2194.123203230087
77   5.697120125792732   25.914687911260206   2099.089720812077
78   12.747665673875446   24.811748683539854   2009.751643366728
79   16.665537995246886   23.774030647518554   1925.6964824490035
80   14.661377584506825   22.796871751486446   1846.5466118704026
81   8.37787150911861   21.875999048085955   1771.9559228949624
82   2.3080793026001807   21.007491818969697   1701.6068373365456
83   0.4422609068887345   20.187748597865724   1635.2076364271236
84   3.608820269193948   19.41345763856954   1572.490068724133
85   9.203043269388704   18.68157043181279   1513.2072049768362
86   13.220039541133627   17.989277924538627   1457.131511887629
87   13.008011512666323   17.333989137992837   1404.0531201774195
88   8.86776503153713   16.713311918189653   1353.778265373362
89   3.584914949501674   16.125035584552187   1306.1278823487273
90   0.42137972275310287   15.56711527055397   1260.9363369148718
91   1.0212592601090174   15.037657774593155   1218.0502797420454
92   4.564185850204155   14.534908760613872   1177.3276096097236
93   8.540363844291681   14.057241166580303   1138.6365344930048
94   10.455921870166502   13.60314469517278   1101.8547203089952
95   9.300736160455026   13.171216275323946   1066.8685183012399
96   5.934085953155314   12.760151395715399   1033.5722630529472
97   2.331880847477046   12.368736222340166   1001.8676340095535
98   0.32294803586518533   11.995840421902026   971.663074174064
99   0.623460561314658   11.640410621338857   942.8732603284475
100   2.649637004872051   11.301464441271106   915.4186197429595
101   5.053047882846001   10.978085047813911   889.2248888729268
102   6.539130888895163   10.66941617306319   864.2227100181184
103   6.481142953954971   10.374657559766177   840.3472623410604
104   5.070867059933535   10.093060790298303   817.5379240141624
105   3.052619598123589   9.823925464162636   795.7379625971735
106   1.2805970573107706   9.566595691867391   774.8942510412588
107   0.351199297399957   9.320456876275687   754.9570069783308
108   0.44374506828258803   9.084932755407442   735.8795531880027
109   1.3613764123002572   8.859482683246862   717.6180973429956
110   2.6817092989525095   8.64359912740722   700.1315293199848
111   3.923783653114633   8.436805364558753   683.381234529259
112   4.68119611339695   8.23865335636376   667.3309218654645
113   4.713396316728977   8.048721790309557   651.9464650150741
114   4.000564647176862   7.866614271306365   637.1957559758155
115   2.756553549635707   7.691957651242263   623.0485697506233
116   1.3827972780954247   7.524400484878132   609.4764392751287
117   0.3545611411721329   7.363611601536038   596.4525397244191
118   0.06088410387256857   7.209278782998486   583.9515814228774
119   0.6528514704090459   7.061107538904271   571.9497106512462
120   1.9668911896859753   6.918819971709936   560.4244177085047
121   3.567035195328736   6.782153723992608   549.3544516434011
122   4.899789371314986   6.650861001508845   538.7197411222165
123   5.5021967542080015   6.524707666001444   528.5013209461168
124   5.176075494957991   6.403472392268917   518.6812637737822
125   4.054765880518359   6.28694588448582   509.24261664335137
126   2.5370298359461665   6.174930147191001   500.1693419224712
127   1.1218995743141795   6.067237806750576   491.44626234679663
128   0.21928428168104347   5.963691479455685   483.0590098359104
129   0.015458926754363089   5.864123182736494   474.993977801656
130   0.44095645494866165   5.76837378626614   467.2382766875574
131   1.2391198328190693   5.676292499994111   459.77969249952304
132   2.0915563897219824   5.58773639639096   452.6066481076677
133   2.740339165639753   5.502569964406869   445.70816711695636
134   3.059534633155026   5.420664692848202   439.07384012070446
135   3.0595788692735835   5.341898681059869   432.69379316584946
136   2.839567614063549   5.266156274969454   426.5586582725257
137   2.5203044403922226   5.193327726702515   420.6595458629037
138   2.1902758118845544   5.12330887611913   414.9880189656495
139   1.8826935588316516   5.056000852750177   409.5360690727643
140   1.5842649420736097   4.9913097967299125   404.29609353512296
141   1.2638722526551498   4.9291465974292965   399.26087439177303
142   0.9051551511072796   4.869426648593777   394.42355853609587
143   0.5294793623989391   4.81206961888016   389.7776391292929
144   0.20137422027129429   4.756999236770903   385.316938178443
145   0.014589705077268969   4.7041430889209925   381.0355902026004
146   0.06262303004207276   4.6534324310634005   376.92802691613537
147   0.4027293043447867   4.604802010664083   372.9889628637908
148   1.0260465402258732   4.558189900577744   369.21338194679737
149   1.8464656273975177   4.513537343010677   365.5965247838649
150   2.7156486158005193   4.470788603148229   362.13387685500646
151   3.4619449151327877   4.429890831851537   358.82115737997464
152   3.940656232068028   4.390793936871784   355.6543088866145
153   4.077262356192989   4.353450462070424   352.6294874277044
154   3.88727151259508   4.317815474171404   349.74305340788374
155   3.465733537834993   4.28384645660563   346.9915629850561
156   2.951670231666101   4.2515032100403305   344.3717600132668
157   2.481893087995022   4.220747759215448   341.8805684964513
158   2.1510119253220585   4.19154426573705   339.51508552470096
159   1.9898819059468875   4.163858946503323   337.27257466676923
160   1.9665592950680932   4.137659997462773   335.1504597944846
161   2.0061304735722727   4.112917522426456   333.1463193165429
162   2.021057891688765   4.0896034666770404   331.25788080084016
163   1.9421660873731408   4.067691555136872   329.4830159660867
164   1.7410892197921273   4.047157234875472   327.81973602491325
165   1.4373274543631478   4.027977621754017   326.26618736207536
166   1.0872934336384064   4.010131451020381   324.8206475326509
167   0.758969644045758   3.993599031683414   323.4815215663565
168   0.5024638484033258   3.978362204509343   322.2473385652568
169   0.3303671629097192   3.9644043034967216   321.1167485832344
170   0.21891509481281612   3.9517101206989484   320.0885197766148
171   0.13103908207086748   3.9402658742755925   319.16153581632295
172   0.04965166651684701   3.9300591796651503   318.3347935528772
173   0.001302143210708362   3.921079023782947   317.6074009264187
174   0.05290763416367617   3.913315742158319   316.9785751148238
175   0.27810376105286033   3.9067609989353613   316.44764091376425
176   0.7081069158381825   3.9014077696712253   316.01402934336926
177   1.2940506598812305   3.8972503268754397   315.67727647691066
178   1.9051927125260664   3.894284228242771   315.4370224876644
179   2.3699629093366474   3.892506307541169   315.29301091083465
