2.0000000000000036 89900.3375268295
4.0000000000000036 12574.625636012508
6 3001.6453563303403
8.000000000000004 1194.8811607941077
10.000000000000004 501.5076059589361
12 249.65225741910984
14.000000000000007 151.01175107563716
16.000000000000004 97.88891155618268
18.000000000000004 60.56245674050917
20.00000000000001 41.31680727513071
22.00000000000001 27.514725426106853
24.00000000000001 20.567294226221044
26.00000000000001 14.498683621360403
28.00000000000001 10.518963855955544
30.00000000000001 7.938374827605957
32.000000000000014 5.72472870506007
34 5.022383734120088
36.000000000000014 3.6918580684786626
38.000000000000014 2.9108662933266514
40.000000000000014 2.3750237917131822
42.000000000000014 2.03144254349677
44.000000000000014 1.7472807381077764
46 1.505892366784655
48.000000000000014 1.3527336959773295
50.000000000000014 1.2208606834477356
52.000000000000014 1.1933764757886063
54 1.1242350123866514
56 1.05088131882276
58.00000000000003 0.9966572401162265
60.00000000000003 0.9876980362702985
62.000000000000014 0.9469339861006786
64 0.8812344195801969
66.00000000000001 0.855377104861833
68 0.8154661921586672
70.00000000000001 0.7815985174552094
72.00000000000001 0.71456747611415
74 0.6703415078102515
76 0.6313276587005859
78.00000000000001 0.5655462969730238
80.00000000000001 0.5149663857516951
82.00000000000001 0.4506838714360674
84.00000000000003 0.4355855195675807
86.00000000000001 0.3615698300441112
88.00000000000001 0.29115568324551855
90.00000000000001 0.2638694633305749
92.00000000000003 0.2062680804466117
94.00000000000001 0.1675040507227712
96.00000000000001 0.1248142265812982
98.00000000000003 0.09974750583432952
100.00000000000001 0.06548243465048585
102.00000000000003 0.040804795955356576
104 0.02243607879683434
106.00000000000001 0.007262758178394993
108.00000000000001 0.0013383135139948437
109.08867913641525 0.00019254941052979622
110.00000000000003 0.00044685681718331356
112.00000000000001 0.004756708316796107
114.00000000000001 0.016231506799180798
115.99999999999999 0.034265713035820634
117.99999999999999 0.06231463891288329
120.00000000000001 0.09302464139636026
121.99999999999999 0.12207680114554023
124.00000000000001 0.16733731302929175
125.99999999999999 0.2155917027274006
128.00000000000003 0.28920132366779244
130.00000000000003 0.3358228398864773
132 0.39710316812805646
134.00000000000003 0.4635289633206933
136 0.5514773602889186
138.00000000000003 0.6023643811296994
140.00000000000003 0.6976795499023375
142 0.774429472787653
144.00000000000003 0.857063579591881
146 0.946481301120149
148.00000000000003 1.053826025580841
150 1.105471756427892
152.00000000000003 1.1889972181467412
154.00000000000006 1.2566664123979443
156.00000000000003 1.3558763730948307
158.00000000000003 1.4539595050910177
160 1.5005178080766597
162.00000000000003 1.5835002446213515
164.00000000000003 1.6625719949561422
166.00000000000003 1.7060330529411687
168.00000000000003 1.7469292571867272
170 1.7947967904998623
172.00000000000003 1.79205105978066
174 1.8406257893943143
176.00000000000003 1.870952168367481
178.00000000000003 1.8906653598599468
