0   1.2468445799896577e+20   1.2468445991807823e+20   1.0099441253364334e+22
1   123892226.12459178   124193284.13915424   10059656015.271494
2   8449635.722611824   7778793.788995641   630082296.9086468
3   1365492.9804773352   1537966.6710732728   124575300.3569351
4   380900.4062406848   486957.54221088346   39443560.91908156
5   150471.45977083276   199588.90216982953   16166701.075756192
6   56642.22915671658   96318.99013718565   7801838.201112039
7   18063.057661647035   52029.88419511127   4214420.619804013
8   8292.765628919093   30524.387729323797   2472475.4060752285
9   8288.638350338299   19073.746683607347   1544973.4813721953
10   7805.607151449576   12526.926086183392   1014681.0129808548
11   4893.439368224609   8565.503507785555   693805.7841306299
12   1729.1018559344577   6055.072177599069   490460.8463855246
13   499.0093583285814   4401.834809606983   356548.6195781655
14   1489.9395402915718   3277.181309075872   265451.68603514566
15   3421.700899320056   2490.55418899341   201734.88930846626
16   4805.735475220752   1926.9601631874211   156083.7732181811
17   5010.0175074723675   1514.5793659930746   122680.92864543907
18   4400.042259668538   1207.1919718027282   97782.54971602099
19   3754.65545242239   974.258742807242   78914.9581673866
20   3581.2349492404796   795.1241112084805   64405.05300788691
21   3833.1215941406913   655.5228725327951   53097.35267515639
22   4106.133336080593   545.4167209370491   44178.75439590099
23   4035.330374797352   457.6211288089866   37067.31143352791
24   3552.437218523473   386.9143663171669   31340.063671690525
25   2859.425761469036   329.447665112705   26685.260874129108
26   2217.3724262877513   282.3475484544267   22870.151424808566
27   1755.1359955385985   243.44320602619135   19718.8996881215
28   1430.9816048212354   211.076705823995   17097.2131717436
29   1131.1257863441845   183.96899264931062   14901.488404594162
30   792.1354832686079   161.12403077849478   13051.046493058075
31   447.0620684046551   141.75939684436239   11482.511144393353
32   179.78096013298008   125.25545484370863   10145.6918423404
33   46.418716820195414   111.1177451764578   9000.537359293083
34   33.53562959062358   98.94887747583446   8014.859075542591
35   77.66490313842233   88.42733159612166   7162.613859285857
36   117.8193620963121   79.29133018454046   6422.597744947775
37   133.79778843296265   71.32646945066287   5777.444025503692
38   144.61616420783227   64.35615945412022   5212.848915783738
39   177.39490985611897   58.234182181115834   4716.968756670382
40   237.055353220184   52.83885853334495   4279.947541200941
41   299.9574069444721   48.06844671308275   3893.544183759703
42   331.82914898769786   43.83748970401559   3550.8366660252623
43   312.36296206682147   40.07389915123121   3245.985831249728
44   247.61866672344416   36.71661423542685   2974.045753069575
45   163.79815044531892   33.7137122231711   2730.810690076859
46   89.97991191412153   31.020875862531593   2512.690944865059
47   42.92976274341019   28.60014424871771   2316.611684146135
48   22.59010009965505   26.41889005030012   2139.93009407431
49   18.007649403608315   24.44897839603512   1980.367250078845
50   17.256803837704748   22.666072246722255   1835.9518519845028
51   14.495022757447725   21.0490564287443   1704.973570728288
52   11.082444526527922   19.579558212700864   1585.9442152287697
53   12.02254585104741   18.24154677353088   1477.5652886560015
54   21.133585881499595   17.0209973608067   1378.700786225343
55   37.94593460605048   15.905608760067919   1288.3543095655014
56   57.55203857402264   14.884564805138211   1205.6497492161948
57   72.91128802802633   13.948332434434416   1129.8149271891875
58   78.14480513801774   13.088490168588388   1060.1677036556594
59   71.19446362900834   12.297581997046159   996.1041417607388
60   54.66749155147269   11.568992555483728   937.0883969941821
61   34.53734314399112   10.896840198757149   882.6440560993292
62   17.35836209583125   10.275885160684343   832.3466980154319
63   7.37373717247803   9.701450469654755   785.817488042035
64   4.953323491658564   9.169353679445406   742.717648035078
65   7.086523849433941   8.675847794723918   702.7436713726373
66   9.531954048022616   8.21757003404802   665.6231727578896
67   9.337863667743212   7.791497290479878   631.1112805288701
68   6.32193689273841   7.394907329811981   598.9874937147705
69   2.7892199677092533   7.025344915736968   569.0529381746945
70   1.8223954260828195   6.680592175629074   541.1279662259549
71   5.253858525280312   6.358642624411665   515.0500525773449
72   12.498749696499518   6.057678350888298   490.67194642195216
73   20.826201840263607   5.776049943855642   467.86004545230696
74   26.792893980138313   5.5122587966952885   446.4929625323184
75   27.967042918267058   5.264941480918122   426.46025995436787
76   24.02240310778028   5.032855922915825   407.6613297561818
77   16.723750658723866   4.814869155281864   390.00440157783095
78   8.946000870783173   4.609946445585883   373.4056620924565
79   3.3189059575933793   4.417141632322145   357.7884722180937
80   1.173506958966708   4.235588520649518   343.0826701726109
81   2.2135635682907537   4.0644932101164715   329.22395001943414
82   4.932900930078161   3.9031272433361353   316.153306710227
83   7.466139990978089   3.7508214789734504   303.8165397968495
84   8.432412004123092   3.606960604789088   292.16380898791607
85   7.421212084900838   3.4709782171552677   281.14923558957673
86   4.989463302304149   3.342352402670395   270.7305446163019
87   2.266660383677712   3.220601765466292   260.86874300276963
88   0.40409591061817035   3.1052818507040576   251.52782990702866
89   0.1175943965144357   2.9959819207449314   242.67453558033938
90   1.4835559256920416   2.8923220456897525   234.2780857008699
91   4.014278375332643   2.7939504745149812   226.30998843571348
92   6.923760694809826   2.7005412569875955   218.7438418159952
93   9.441225417865413   2.6117920899952893   211.5551592896184
94   11.044700897004144   2.527422364950197   204.7212115609659
95   11.549605951688012   2.4471713955717025   198.22088304130793
96   11.060858957355542   2.3707968076768244   192.03454142182278
97   9.8483504508025   2.2980730746476183   186.14391904645703
98   8.21823323319702   2.2287901840408737   180.5320049073108
99   6.430528252901301   2.1627524223877237   175.1829462134056
100   4.675662178957957   2.0997772666267425   170.08195859676613
101   3.0903808963330115   2.039694371847436   165.2152441196423
102   1.7809373163402797   1.9823446461118992   160.56991633506385
103   0.8297243796526249   1.9275794040886374   156.13393173117964
104   0.2811647118069823   1.8752595920893296   151.8960269592357
105   0.12043956935366283   1.8252550778599963   147.84566130665968
106   0.2649139378427267   1.777443999154251   143.97296393149435
107   0.5810809504526969   1.7317121657180026   140.26868542315822
108   0.9250546918840632   1.68795250985116   136.72415329794396
109   1.1909594325508563   1.64606458119004   133.33123107639324
110   1.3462165679737024   1.6059540817812008   130.08228062427725
111   1.437947921319019   1.5675324378990405   126.97012746982226
112   1.5673388183916193   1.5307164054010889   123.9880288374882
113   1.84250232169935   1.495427705720804   121.12964416338515
114   2.328974428974386   1.4615926898720362   118.38900787963493
115   3.017157504364692   1.4291420280854812   115.76050427492397
116   3.8184568159886565   1.3980104229187238   113.23884425641664
117   4.590291535012293   1.3681363438803393   110.8190438543075
118   5.179524845901444   1.3394617817876473   108.49640432479944
119   5.468091197488239   1.3119320212390364   106.26649372036196
120   5.405281498893343   1.2854954297273007   104.12512980791135
121   5.0172491036392   1.2601032620517498   102.06836422619176
122   4.392961426678638   1.235709478805556   100.09246778325002
123   3.6536787185125754   1.2122705778220488   98.19391680358594
124   2.91750186116502   1.189745437560828   96.36938044242709
125   2.2705635695920936   1.1680951715024914   94.61570889170181
126   1.7526748150303597   1.147282992700499   92.92992240874041
127   1.3594906724481688   1.1272740877110856   91.3092011045979
128   1.057711318911271   1.1080354991877688   89.75087543420926
129   0.8062534937314894   1.0895360164867303   88.25241733542516
130   0.5755560153089654   1.0717460736836124   86.8114319683726
131   0.359016349276643   1.0546376544517053   85.42565001058814
132   0.1739927629841128   1.0381842032964828   84.09292046701506
133   0.05351110613538775   1.0223605426824791   82.8112039572808
134   0.03259742715186842   1.0071427956259358   81.57856644570083
135   0.13432080574502783   0.9925083133607869   80.39317338222374
136   0.36009235230400943   0.9784356077167757   79.25328422505885
137   0.6869629413055597   0.9649042878770305   78.15724731803948
138   1.0723157835401076   0.9518950012085327   77.10349509789114
139   1.4641998162239875   0.9393893778827994   76.09053960850676
140   1.8141429739075792   0.9273699790260128   75.11696830110705
141   2.0888714507030253   0.9158202481579009   74.18144010078996
142   2.2779003241550098   0.9047244656970899   73.28268172146427
143   2.3951950323864533   0.8940677063275632   72.41948421253262
144   2.474664071198357   0.8838357990363996   71.59069972194835
145   2.5607486780395523   0.874015289647245   70.79523846142685
146   2.6965003377882484   0.8645934056871264   70.03206586065724
147   2.912060488428332   0.8555580234363019   69.30019989834045
148   3.2162892026266525   0.8468976370220089   68.59870859878272
149   3.5934858174592286   0.8386013294272455   67.92670768360689
150   4.0058979734717495   0.8306587452952001   67.28335836891122
151   4.401325326506777   0.8230600654187336   66.66786529891743
152   4.723931424056284   0.8157959828123783   66.07947460780265
153   4.925680042337244   0.8088576802718341   65.51747210201857
154   4.975781464604094   0.8022368093328756   64.98118155596293
155   4.866158527386421   0.795925470547985   64.4699631143868
156   4.612027122970424   0.7899161950050109   63.9832117954059
157   4.247911212971268   0.7842019270176598   63.52035608843043
158   3.8204339369896467   0.7787760079227775   63.08085664174498
159   3.3797847676515373   0.7736321609241544   62.66420503485651
160   2.971761542512561   0.7687644769270287   62.26992263108932
161   2.631810381972171   0.7641674013116233   61.897559506241485
162   2.3817550108263617   0.7598357215979114   61.54669344943081
163   2.2291819433573425   0.755764555957434   61.216929032552144
164   2.1689368764020314   0.7519493425313698   60.90789674504095
165   2.185978005420332   0.7483858295172461   60.61925219089693
166   2.2588817211741077   0.7450700659896468   60.35067534516139
167   2.3634779472737293   0.7419983934230956   60.101869867270736
168   2.476267627001159   0.7391674378879175   59.87256246892132
169   2.577361079671784   0.7365741028924015   59.662502334284525
170   2.6526773655407077   0.734215562846934   59.47146059060165
171   2.6951349175710453   0.7320892571280321   59.29922982737059
172   2.7046320468740115   0.7301928847223338   59.14562366250904
173   2.686808259913544   0.7285243994326437   59.010476354044144
174   2.6508606660670293   0.727082005630095   58.893642456037696
175   2.6069607185183443   0.725864154538348   58.794996517606194
176   2.5639494142196333   0.7248695410375677   58.71443282404299
177   2.527900138241739   0.724097100977675   58.651865179191674
178   2.5018341003799107   0.7235460089920466   58.607226728355776
179   2.4864577875368807   0.7232156768045246   58.58046982116649
