0   1.0739344178515395e+20   1.0739344419384327e+20   1.2526371330769879e+22
1   101198924.12806864   106970383.78488855   12477025564.669403
2   7481239.25522425   6700044.714656484   781493215.5175323
3   1311113.3262320394   1324684.2306604926   154511168.66423985
4   404211.21798537526   419427.14969095436   48921982.73995292
5   78330.57589117027   171910.27366978393   20051614.320843603
6   29692.274273134786   82961.64653479318   9676646.451818276
7   23003.655901589616   44814.47381968125   5227160.226327622
8   7646.186705451656   26291.320765348006   3066619.654070191
9   1062.9505682347328   16428.633940262906   1916235.8627922647
10   1105.0592269657784   10789.71459988557   1258512.310930653
11   1041.962339419726   7377.654950423873   860529.6734174407
12   1182.6384455786838   5215.36570332767   608320.2556361395
13   1409.5068670490564   3791.396307820897   442228.46534422936
14   801.8819826868844   2822.7077236456516   329240.62888602883
15   1112.8856125267366   2145.168631946134   250212.46923019708
16   3339.6826250990734   1659.732807801355   193591.23470195002
17   5064.301482719155   1304.5402348118932   152161.57298845923
18   4752.248008359842   1039.7807693134544   121280.02893272132
19   4385.991696156706   839.1502998431251   97878.49097370214
20   5483.436948675407   684.8577354415454   79881.80626190186
21   6376.979134399656   564.616144428848   65856.82708618083
22   5380.3523913655545   469.77931508727835   54795.05931178014
23   3518.7246790173403   394.1590571187595   45974.712422332115
24   2444.042995229121   333.2577807545543   38871.187547211215
25   2006.7514947955697   283.7604578896152   33097.81980824473
26   1309.7243788227815   243.19210034780335   28365.92658456778
27   468.097195706195   209.6829418671876   24457.418339388765
28   113.84008181769688   181.80496945989316   21205.73163780194
29   226.0376631524308   158.45650499238116   18482.366742311333
30   361.61315747848283   138.77964117634585   16187.257346808981
31   418.9101954487965   122.10045970412511   14241.797619889156
32   562.3777015485737   107.88525457439071   12583.736093556932
33   761.4196907845659   95.70813695142284   11163.39709401396
34   814.5590028821692   85.22682584683284   9940.856966774581
35   655.1809226387822   76.16438894805411   8883.81432690103
36   405.06999269702953   68.2953517128271   7965.969823784156
37   204.02076271188594   61.43504348117239   7165.7834716439465
38   94.60025030764515   55.43136348673425   6465.514237092682
39   42.746064828936504   50.158370965803044   5850.472389451266
40   22.695646649565074   45.51126105767731   5308.433489767481
41   59.62998753635659   41.40240133339744   4829.176091527477
42   167.437847079891   37.7581858013388   4404.114791868157
43   275.82991083762636   34.51652318945848   4026.0072648184373
44   288.60271087030446   31.624820482600214   3688.7190610904886
45   206.24423055196186   29.03835549823363   3387.0337853139713
46   118.32716547880213   26.718956820888444   3116.4991235884286
47   76.20253625939546   24.63392789549387   2873.301349730405
48   48.928185982050714   22.75516609001901   2654.1625727398173
49   12.472731021055084   21.05843822635333   2456.2562347218527
50   2.7911507509827245   19.52278228194057   2277.1373253655483
51   47.92465947014718   18.13001129730724   2114.684517717916
52   106.8692606225686   16.86430043998546   1967.0520033199043
53   120.11045681751943   15.71184201078236   1832.6292521376547
54   87.49920807905939   14.66055618633122   1710.0072735736733
55   55.879681734232385   13.699847662377294   1597.9502313396874
56   48.18577406235903   12.820400239135855   1495.3714838928056
57   43.28943527548318   12.014002882787604   1401.3132962483462
58   22.6409063190021   11.273401989514182   1314.9296080569343
59   2.8353143280958455   10.592175534839855   1235.4713543837204
60   9.050528741   9.964625561217893   1162.273925460455
61   35.986117763923986   9.3856860794308   1094.7464243048084
62   53.85031601031243   8.850843964607726   1032.3624400318454
63   47.04000726902105   8.35607083911457   974.6521026743234
64   30.26171608781755   7.8977642708171585   921.1952245481133
65   24.08260099932568   7.472696890928814   871.615365357937
66   27.885272849334488   7.077972262464584   825.5746846938691
67   25.959028068298696   6.710986517497111   782.769467400863
68   13.18508033422536   6.3693949363424895   742.9262253749881
69   2.630173441149308   6.0510827704303685   705.7982943429981
70   6.915851344499894   5.75413971770529   671.162856673145
71   21.336127340143847   5.476837548817389   638.8183316940602
72   30.574381115769555   5.217610457211838   608.5820837291889
73   27.32055832510646   4.975037769052188   580.2884053822471
74   18.225387767625737   4.747828701779419   553.7867397755515
75   12.855096633763164   4.5348089047049704   528.9401106447878
76   12.488890990967628   4.334908552745368   505.6237335922197
77   11.624045822252956   4.147151796367906   483.72378552835244
78   6.978882846866875   3.9706473979669665   463.13631249886697
79   1.648783445998428   3.804580408005682   443.76625878978285
80   0.918264510207234   3.648204753979162   425.5266025041294
81   6.252279654761073   3.5008366321167284   408.33758477009525
82   13.978202767201694   3.3618486061863466   392.1260214255755
83   18.724705421848284   3.2306643301648483   376.82468747042793
84   17.57641890112394   3.1067538222030158   362.3717658217597
85   11.74590279601745   2.989629226505257   348.71035297957314
86   5.228842993561064   2.8788410076779485   335.78801513555595
87   1.7473082789201686   2.7739745289625213   323.55638905818853
88   2.1119456907621914   2.674646971714458   311.9708227807743
89   3.9727287729420517   2.580504558648958   300.99005172081445
90   4.264696651169035   2.4912200478591338   290.5759063822893
91   2.2375139047871784   2.4064904685181348   280.6930482479553
92   0.16575421673204122   2.3260350725825956   271.30873086603395
93   0.9805725311329471   2.2495934797898722   262.3925834826907
94   5.19518164136831   2.176923995844293   253.91641487527835
95   10.231200922876354   2.1078020859678435   245.85403530728925
96   12.723885297649915   2.0420189879915167   238.1810947593305
97   11.370908264094519   1.979380450921448   230.87493579547768
98   7.609838757459215   1.919705586460775   223.9144596047848
99   3.889728102680959   1.862825822331038   217.2800039166923
100   1.6183960085349252   1.8085839474393384   210.95323162932445
101   0.6765750196487698   1.7568332399997304   204.9170291135686
102   0.3813748025794849   1.707436670656941   199.1554132654256
103   0.42311945308572524   1.6602661734927253   193.65344647619148
104   0.8457971096103861   1.6152019785331304   188.39715877610436
105   1.5189053995745845   1.572132000030144   183.37347648351596
106   2.0222935499349326   1.5309512753736274   178.5701567595799
107   2.1054843261939085   1.4915614500077017   173.97572752889832
108   2.0482386154712247   1.453870304187562   169.57943228043723
109   2.37744762452768   1.4177913178245514   165.37117931105567
110   3.2235880526848484   1.383243270035111   161.3414950168953
111   4.064863235925414   1.3501498703379426   157.48148087621766
112   4.177256426458002   1.3184394187379174   153.78277380159068
113   3.3256710340250253   1.2880444921987326   150.23750957006015
114   1.9848969898243594   1.2589016552426284   146.8382890675002
115   0.8957777449722895   1.2309511926275003   143.57814710807162
116   0.43695332906257234   1.2041368622423216   140.4505236119444
117   0.42129144049537465   1.1784056665330958   137.4492369444203
118   0.44096489574333125   1.1537076409258331   134.56845923758914
119   0.34109897948171586   1.1299956578520032   131.80269353185767
120   0.3390734946533484   1.1072252451072515   129.1467525893098
121   0.7209468726056604   1.0853544173872887   126.59573924405336
122   1.4725358072762271   1.0643435199470772   124.14502816662711
123   2.2290312067960794   1.0441550834218587   121.7902489303256
124   2.580148465372352   1.02475368893219   119.52727027705066
125   2.422361953691055   1.006105842670952   117.35218548913984
126   2.028372963655109   0.9881798592389139   115.26129878162693
127   1.7880634323383418   0.9709457530578204   113.25111263666416
128   1.8717581420546128   0.9543751372464783   111.31831600842926
129   2.1105205504557762   0.9384411293967889   109.45977333284146
130   2.1721943772053374   0.9231182637333889   107.67251428186246
131   1.8548563404780027   0.9083824091831598   105.95372420712376
132   1.2442725974343496   0.894210692919597   104.30073522214181
133   0.6259544379597496   0.8805814289823846   102.71101787650534
134   0.2546438762311683   0.8674740516047494   101.18217337917797
135   0.1814856059878598   0.8548690529106   99.71192633149239
136   0.2623944698031694   0.8427479246703247   98.29811793354668
137   0.3108632483939609   0.8310931038287099   96.93869963058071
138   0.2545592225166238   0.8198879215409333   95.63172716853445
139   0.17639444799994067   0.8091165554731509   94.37535503038833
140   0.2269133720100074   0.7987639851430717   93.16783122708789
141   0.4913406686957315   0.7888159500932068   92.00749241887165
142   0.9148906820630303   0.7792589107053387   90.89275934467072
143   1.334890627296806   0.770080011479321   89.82213253894801
144   1.5884364079661144   0.7612670466127119   88.79418831690671
145   1.615787717969961   0.7528084277300361   87.8075750104314
146   1.4896787383904933   0.744693153621806   86.86100943844745
147   1.3565837059350487   0.7369107818638377   85.95327359659802
148   1.3367728806364032   0.7294514021970249   85.08321155226096
149   1.4534680373469777   0.7223056115565661   84.24972653195789
150   1.6334523729503319   0.7154644906478332   83.45177818916326
151   1.7669481245349359   0.7089195819735976   82.68838004140044
152   1.7769514943009184   0.702662869224329   81.95859706632574
153   1.653036851607923   0.6966867579496961   81.26154344725256
154   1.4398730691261628   0.6909840574354151   80.59638045926681
155   1.2024369797262622   0.6855479637150838   79.96231448772737
156   0.9956044537276157   0.680372043651799   79.35859517154584
157   0.8506687861614536   0.6754502200290998   78.78451366419421
158   0.7753725684867019   0.6707767575952135   78.23940100590572
159   0.759338432262239   0.6663462500086926   77.72262660101391
160   0.780330348785731   0.6621536076373655   77.23359679482229
161   0.8105150648548167   0.6581940461660938   76.77175354481318
162   0.8228031908555942   0.6544630759721676   76.33657318139363
163   0.7968780935364496   0.6509564922302825   75.92756525374014
164   0.7238067414978386   0.647670365711959   75.54427145664292
165   0.6076842043824455   0.6446010342470133   75.18626463457163
166   0.4639863692706723   0.6417450948172303   74.85314785948172
167   0.3169204447114606   0.6390993962548401   74.54455357916454
168   0.1977604846071621   0.6366610325206413   74.2601428332076
169   0.14034175533061544   0.6344273365388013   73.99960453388579
170   0.1658697144851686   0.6323958745673713   73.7626548095382
171   0.2587322181071003   0.6305644410855088   73.54903640821375
172   0.35508016352313054   0.6289310541802288   73.35851815958188
173   0.371705341441956   0.6274939514172678   73.19089449331011
174   0.2728296337232258   0.6262515861823273   73.04598501230667
175   0.12439947933950879   0.625202624480573   72.92363411941403
176   0.07228355957047836   0.6243459421838324   72.82371069632222
177   0.23557137785020793   0.6236806227164371   72.74610783364521
178   0.5915530703195795   0.6232059551721164   72.69074261127565
179   0.9590099236346142   0.6229214328557876   72.65755592829906
