0   3.910104507921206e+19   3.910104663030933e+19   2.5854569608612702e+20
1   42818921.95049666   38947013.90603877   257527193.99095026
2   2401957.2744693896   2439429.7322290335   16130106.800861366
3   269608.3952245016   482306.3480485785   3189127.689137539
4   67371.43220844516   152709.88523733302   1009755.1595284878
5   33897.85878943925   62591.07972045855   413867.5475393585
6   148.53230427649848   30205.63530702142   199727.05794846822
7   11095.786642901901   16316.5716835869   107889.16786698275
8   6125.898065978787   9572.447991915946   63295.37039552585
9   1228.137976768378   5981.5269599792655   39551.3211231282
10   4715.330382852444   3928.444020627112   25975.833932309888
11   7711.121261683778   2686.1419000415503   17761.428073744122
12   6047.831002309868   1898.870634895068   12555.797667469431
13   8198.4655447354   1380.41539629275   9127.64466120104
14   9481.13856863562   1027.724058526194   6795.56316249973
15   5443.077174330684   781.0377936683336   5164.413166296737
16   3850.1691232194785   604.2947071755755   3995.744594385438
17   2213.1347559453193   474.97208917542827   3140.6317733232404
18   496.24733201243805   378.57540235733563   2503.2332727301373
19   1399.6091984987356   305.5275417443511   2020.2229290850973
20   1699.496814440097   249.35092127497953   1648.7693570019053
21   2312.25407627411   205.5719728262845   1359.2922284840038
22   2786.418941147122   171.04268368585866   1130.9761125350653
23   1550.8510860988365   143.5099859944982   948.9231726983145
24   709.7621672328179   121.3363452770636   802.3056299952777
25   368.9538732780494   103.31478777934431   683.1426783777052
26   222.1431186683553   88.54419119530823   585.4758764750994
27   661.8307630271506   76.34378940981361   504.8038320159104
28   825.8546932440917   66.19365494640486   437.68865719663614
29   602.7530369165771   57.69267609482383   381.47810315761063
30   416.23830886064854   50.52849605213598   334.10679022228686
31   177.3889612928398   44.455746850392046   293.9522852964699
32   67.58649118697878   39.28011063898704   259.72971116391426
33   234.75018358404404   34.846524887337175   230.41375639790297
34   318.54779197436415   31.03036797642169   205.18039233389035
35   252.27952788304862   27.730811188543772   183.36291479771796
36   208.63819598194624   24.865761145871893   164.41850227066308
37   82.25965190081219   22.367980819727883   147.90256705289457
38   17.90421383254709   20.182091604812104   133.44893224406374
39   107.84692553966157   18.262239531997935   120.75440017076184
40   116.95041485511848   16.57026603605697   109.56665705474407
41   118.331033837914   15.074264889222754   99.67473110424841
42   129.74109714768323   13.74743677117929   90.90141865024674
43   35.6977021907325   12.567174773826107   83.09723727999305
44   11.414263462036866   11.514330224229862   76.13557127858112
45   53.770904777642826   10.572620153186458   69.9087536659676
46   44.25920656357111   9.728146670489911   64.32488818854553
47   69.73720319765492   8.969005236397877   59.305259114141066
48   76.11802078905305   8.284963919774118   54.782210408302326
49   14.525320544488347   7.6671996249966154   50.69740160201843
50   7.678578564132156   7.1080802565721   47.00036741080327
51   26.52844305545695   6.600984096054215   43.64732341064419
52   20.810478456022736   6.14014945550299   40.600171909856506
53   46.835254197020916   5.720549068179285   37.825671389593644
54   51.52845330346677   5.337784772348984   35.29474012736879
55   9.51441251054157   4.9879989071573005   32.981870324876844
56   4.222188846961536   4.667799522891345   30.86463357993461
57   15.363312924323433   4.374197051438634   28.92326213604321
58   9.966820124617094   4.1045505168693195   27.140293213584894
59   27.928801354031304   3.856521714273675   25.50026602907491
60   36.00747925864996   3.628036065399698   23.989462963051064
61   8.900345295313352   3.4172490863302434   22.595687836142837
62   1.5461873735421678   3.222517586390611   21.30807546919506
63   10.06104199876884   3.0423748672837316   20.1169276938761
64   6.4779524870443215   2.8755093138740806   19.013571789698005
65   15.080322440813301   2.720745868425421   17.990237987139515
66   25.48736425157765   2.5770299626774595   17.03995322260198
67   11.330440583090116   2.443413550294489   16.156448781539076
68   0.04552605621918711   2.319042938629038   15.334079839098129
69   5.373657701304671   2.203148165575114   14.567755217272184
70   6.16931547365858   2.0950337062772775   13.852875935384448
71   5.890002555680762   1.9940703270154985   13.18528134598003
72   12.878832000801491   1.8996879308385706   12.561201828401977
73   12.164244560132419   1.8113692623931301   11.977217163579063
74   2.609621521307386   1.7286443586436433   11.430219840827355
75   0.7325780772814768   1.6510856484159238   10.91738265483182
76   5.552067912437141   1.5783036174264031   10.43613004175826
77   5.618206428958054   1.509942967096393   9.984112680392476
78   4.151140200456244   1.4456792053357335   9.55918494956689
79   7.148002383601424   1.3852156158962248   9.159384888783201
80   7.47595556987038   1.328280560075689   8.782916356418841
81   1.930102434159882   1.2746250706925255   8.428133120497515
82   0.7576976513337443   1.2240207035102124   8.093524651781811
83   5.458239053754217   1.1762576158060742   7.777703418799348
84   5.36977436855332   1.1311428456618584   7.479393510090655
85   1.9109677099205187   1.088498768899892   7.197420431093164
86   4.135517034323519   1.0481617134774361   6.930701942177332
87   6.813543584983707   1.0099807136502292   6.678239820870904
88   2.982046602119288   0.9738163883807927   6.4391124456199345
89   0.30797547088668004   0.9395399303456106   6.21246811085669
90   3.502228290003297   0.9070321935283064   5.99751899394227
91   4.850310880634565   0.8761828688078984   5.7935357039542685
92   2.199343533376393   0.8468897381913102   5.59984235048948
93   2.0136637621989104   0.8190579994225229   5.415812077814233
94   4.299545945294813   0.7925996536483818   5.24086301596073
95   3.7459881707817817   0.767432949651286   5.074454605857483
96   0.9303434010985849   0.7434818788874523   4.916084260398664
97   0.35131073427566817   0.7206757162094933   4.7652843275893035
98   2.7567427294335203   0.6989486017152182   4.621619325627157
99   4.911690086453889   0.6782391596607905   4.484683423063185
100   4.0993160181740995   0.6584901508141464   4.3540981400772125
101   1.6130027433428604   0.639648155011356   4.229510249462844
102   0.9463033007687839   0.6216632810206919   4.110589858177636
103   2.0260553255496028   0.6044889011221969   3.9970286523181997
104   1.6453351130656906   0.5880814080792138   3.8885382901564345
105   0.2970973261122738   0.5723999924168951   3.7848489294504892
106   1.7464420545882848   0.5574064381347732   3.6857078766462554
107   5.392845105915588   0.543064935169166   3.590878346832852
108   6.46558522070786   0.5293419070893237   3.5001383244273656
109   3.7748135875690885   0.5162058526611965   3.413279515555667
110   0.8434779696570408   0.5036272000465847   3.330106383981499
111   0.08097555370819161   0.49157817252513913   3.250435263227451
112   0.7383779769576688   0.48003266473378153   3.174093538239698
113   1.4087656608439156   0.46896612851404423   3.10091889058266
114   1.2979250723037299   0.45835546754387074   3.030758601718656
115   0.41649149805083946   0.44817894000760694   2.963468909438054
116   0.04935798834383026   0.4384160686273118   2.8989144129642654
117   1.3607341541517346   0.4290475574408745   2.8369675226702724
118   3.2637140435552032   0.4200552147686062   2.777507950714866
119   3.6418978664552233   0.41142188186056194   2.7204222392412665
120   2.339313253517168   0.4031313667624815   2.665603323082531
121   0.9542650219428784   0.3951683829794289   2.612950124190509
122   0.3157279412308601   0.3875184925534224   2.562367175251201
123   0.06328349758071604   0.3801680532049945   2.5137642701718006
124   0.06145520542635988   0.37310416921907574   2.4670561393261337
125   0.5017657405111257   0.36631464578318135   2.4221621476275663
126   1.033752527400606   0.35978794651087653   2.379006013663755
127   1.1120666455051818   0.35351315390619653   2.3375155482777075
128   0.909582932562009   0.3474799325452843   2.297622411115758
129   0.9640857272456689   0.3416784947702387   2.259261883786884
130   1.22001677456585   0.33609956870718094   2.222372658390339
131   1.1785133564336545   0.33073436843605486   2.186896640271057
132   0.7703009060567704   0.325574566153777   2.152778763955587
133   0.41158996650750485   0.32061226618522554   2.119966821306389
134   0.3019227610244943   0.31583998070829356   2.088411301009941
135   0.23530778981893047   0.31125060706994284   2.0580652385849283
136   0.09467236871600873   0.3068374065799809   2.0288840761615066
137   0.06279997745289322   0.3025939846782368   2.0008255313418113
138   0.26870340739758486   0.298514272378996   1.9738494745060147
139   0.5562652878494942   0.29459250890404604   1.9479178139777737
140   0.7119664312102469   0.29082322542255773   1.9229943885083407
141   0.7308309429211357   0.2872012298223179   1.899044866580224
142   0.763716306223207   0.28372159244260736   1.8760366520694856
143   0.895980944309023   0.2803796327043238   1.8539387958408349
144   1.0494244223733475   0.27717090657781496   1.8327219128818784
145   1.076839254402081   0.274091194833376   1.812358104612527
146   0.9199429345969723   0.271136492023483   1.792820886032826
147   0.6741826376503763   0.2683029961496244   1.7740851173975165
148   0.49622710897617645   0.26558709897010213   1.7561269401288386
149   0.440125315589234   0.2629853769083842   1.7389237167003364
150   0.40643530403720074   0.26049458252457486   1.7224539742441278
151   0.28530871985378786   0.2581116365153149   1.7066973516522868
152   0.1227588196207209   0.2558336202099619   1.691634549959748
153   0.07108473925356093   0.25365776853324723   1.6772472858116758
154   0.1712914628424271   0.25158146340678983   1.663518247832651
155   0.28097967486380654   0.24960222756384814   1.650431055728302
156   0.26660676264666694   0.24771771875357154   1.6379702219623913
157   0.1873803061898768   0.24592572431273815   1.6261211158638198
158   0.21306898878775196   0.24422415608458306   1.614869930028672
159   0.3985645087750314   0.24261104566581487   1.604203648892327
160   0.6132406032276458   0.24108453996431625   1.594110019355887
161   0.6924451840207788   0.2396428970513251   1.584577523359782
162   0.6063741580588391   0.23828448229310503   1.5755953523054291
163   0.4821192998224989   0.23700776474825128   1.567153383233335
164   0.510225907401002   0.23581131381783757   1.5592421566730486
165   0.7820216689604755   0.23469379613660843   1.5518528560869622
166   1.130274391541911   0.23365397269435328   1.5449772888361322
167   1.2302355120473152   0.23269069617748284   1.5386078686021314
168   0.9775667289170303   0.231802908521651   1.5327375992043863
169   0.617638516822717   0.23098963866705713   1.527360059757684
170   0.4147998992363722   0.2302500005087985   1.5224693911194023
171   0.42297651830816463   0.2295831910353509   1.5180602835806876
172   0.615107481925998   0.2289884886489239   1.5141279657602318
173   0.9335599136063736   0.22846525166207712   1.5106681946635305
174   1.190593073661959   0.2280129169655979   1.5076772468745656
175   1.1858410188974946   0.22763099886322594   1.5051519108507185
176   0.9235536295940222   0.2273190880693813   1.5030894802955008
177   0.5762647605495781   0.227076850866599   1.5014877485873075
178   0.3009377857488078   0.22690402841990584   1.5003450042459079
179   0.15303893894763415   0.2268004362458989   1.4996600274218623
