0   7.181824829220253e+20   7.181824891281308e+20   3.910104663030934e+21
1   711072627.9870856   715353316.6415288   3894701390.603879
2   46397682.35694397   44805852.224614926   243942973.2229035
3   8243545.34195319   8858688.025382053   48230634.80485786
4   2949128.9041396542   2804875.4431346892   15270988.52373331
5   1200917.1343741615   1149632.0764982188   6259107.9720458565
6   583043.784988826   554797.3831901897   3020563.5307021444
7   359800.39049607306   299692.1329638411   1631657.1683586906
8   213526.23331277916   175820.47332090518   957244.7991915948
9   104566.19308019661   109864.78089757838   598152.6959979266
10   45789.491667991446   72155.09425641637   392844.40206271136
11   26374.62503018618   49337.30020484481   268614.19000415504
12   23134.799987722734   34877.21574297065   189887.06348950687
13   20203.315281952993   25354.56850333623   138041.53962927507
14   13662.286777293486   18876.564340277037   102772.40585261941
15   6312.377327424313   14345.592128602048   78103.77936683338
16   1487.9407268071286   11099.290539959547   60429.470717557546
17   121.03752761144337   8723.977148120117   47497.20891754285
18   961.0742227657938   6953.425757583719   37857.540235733584
19   2139.219317699734   5611.730358569716   30552.75417443512
20   2475.0257796914743   4579.91488056085   24935.092127497963
21   1861.693460388383   3775.8117457889016   20557.19728262846
22   886.7422948992183   3141.600312597405   17104.268368585876
23   203.25573423720434   2635.897701939764   14350.998599449827
24   99.06873941762319   2228.626749986883   12133.634527706366
25   433.5210349310788   1897.6185510491814   10331.478777934435
26   848.1876636085093   1626.3218790974993   8854.41911953083
27   1039.2913392046637   1402.2328667108627   7634.378940981364
28   916.2078207927125   1215.801825546212   6619.365494640487
29   590.8857321611074   1059.66139766003   5769.267609482385
30   255.48279959398783   928.0744172841306   5052.8496052136
31   51.36219510364174   816.5341258235278   4445.574685039207
32   6.684790243110742   721.4714198997623   3928.0110638987053
33   57.7685019261835   640.0382122163974   3484.6524887337187
34   116.62378201041756   569.9455342608065   3103.0367976421694
35   131.13987441685725   509.3414299936612   2773.0811188543776
36   104.29956282683693   456.7180618629532   2486.57611458719
37   73.12324404556472   410.84046403581823   2236.7980819727886
38   72.55399873684797   370.69147845573275   2018.2091604812115
39   111.98257257511086   335.4288893632274   1826.2239531997936
40   176.6179904697267   304.35182515206697   1657.0266036056983
41   246.42044325308603   276.87425306735685   1507.4264889222757
42   315.01527125027644   252.5039406951299   1374.7436771179296
43   394.460077168666   230.82565911109188   1256.7174773826114
44   503.95424181883095   211.48769799605876   1151.4330224229866
45   652.0683021461658   194.19098240546563   1057.262015318646
46   825.567314085351   178.6802449681821   972.8146670489914
47   992.4204506919993   164.73683087261415   896.9005236397882
48   1116.8781661149746   152.17280668972873   828.496391977412
49   1177.1493415062835   140.82611556116237   766.7199624996617
50   1175.3697532042354   130.55657614112027   710.8080256572105
51   1134.854309113162   121.24256502956727   660.0984096054218
52   1087.1584603086949   112.77825530515702   614.0149455502993
53   1056.650328106305   105.07130941553793   572.0549068179288
54   1050.5887798300168   98.04094479824666   533.7784772348986
55   1058.7227313832493   91.61630645799124   498.7998907157302
56   1061.0208869138573   85.73509327759615   466.7799522891347
57   1038.4107820661402   80.34239482234227   437.41970514386344
58   980.9687918441276   75.38970337106917   410.4550516869321
59   890.4159049918297   70.8340723029859   385.65217142736765
60   777.1947038308845   66.63739711958631   362.8036065399698
61   654.8686873122102   62.76579954484123   341.7249086330244
62   535.0814684849372   59.18909852554186   322.2517586390613
63   425.0890987096903   55.88035470521141   304.2374867283732
64   328.01235392792705   52.815477193605574   287.5509313874082
65   244.5830111377162   49.97288329760979   272.0745868425422
66   174.85252773184976   47.33320339611661   257.702996267746
67   118.9411225731212   44.879024393164116   244.34135502944906
68   76.8250561138449   42.594666219717034   231.90429386290387
69   47.78071953625115   40.46598671464496   220.31481655751142
70   30.150325113623342   38.48021093162348   209.5033706277279
71   21.693418225363892   36.625781516611205   199.4070327015499
72   20.298639201301242   34.89222730111662   189.96879308385712
73   24.577445153146186   33.27004767660852   181.13692623931306
74   33.96034317409685   31.75061066896489   172.8644358643644
75   48.24882948274836   30.32606293008841   165.10856484159243
76   66.90798605138342   28.989250115995162   157.83036174264035
77   88.52127221037127   27.73364633442355   150.99429670963937
78   110.71796847472943   26.5532915265747   144.56792053357339
79   130.61707925976634   25.44273580217557   138.52156158962256
80   145.5704242025491   24.39698987894124   132.82805600756896
81   153.86409743930358   23.41148089027088   127.46250706925258
82   155.09104103701523   22.482012921616146   122.40207035102124
83   150.0835776647276   21.60473171888708   117.62576158060743
84   140.49026547715684   20.77609308358516   113.11428456618586
85   128.20469279465598   19.992834530814353   108.84987688998923
86   114.86632144788231   19.25194983938149   104.81617134774365
87   101.57563139501995   18.55066616908585   100.99807136502294
88   88.85282780232158   17.886423460055383   97.38163883807928
89   76.77734981935177   17.25685586349081   93.95399303456108
90   65.20552038496689   16.659774983172976   90.70321935283067
91   53.974784177754366   16.0931547332063   87.61828688078984
92   43.04234032351299   15.55511764024856   84.68897381913102
93   32.54668138544175   15.043922438372872   81.90579994225232
94   22.805251350803587   14.557952822113142   79.25996536483822
95   14.267557554299465   14.095707238493011   76.74329496512863
96   7.438866090959282   13.655789612218518   74.34818788874527
97   2.785391120466483   13.236900909970286   72.06757162094934
98   0.6332151994801641   12.837831460075446   69.89486017152187
99   1.0788472188013012   12.457453952953296   67.82391596607906
100   3.9335675451193435   12.094717055770039   65.84901508141466
101   8.720881240698297   11.748639581841237   63.964815501135625
102   14.734926468043192   11.418305161604545   62.16632810206919
103   21.15089546112034   11.102857367550559   60.448890112219715
104   27.162805786316508   10.801495250434545   58.80814080792142
105   32.115547466925854   10.513469248473587   57.23999924168952
106   35.60012038082357   10.238077435128494   55.740643813477355
107   37.49224785121522   9.974662074535702   54.3064935169166
108   37.93072621818646   9.722606456742687   52.9341907089324
109   37.24728965788579   9.481331987654633   51.620585266119676
110   35.8698352095217   9.250295511059722   50.36272000465848
111   34.22359049169877   9.028986842298476   49.15781725251394
112   32.65087782258301   8.816926495110275   48.00326647337817
113   31.36200018082779   8.613663584951839   46.89661285140445
114   30.420632796728842   8.418773893662932   45.835546754387074
115   29.75954379332435   8.231858081772373   44.81789400076071
116   29.217744879994928   8.052540036011854   43.84160686273121
117   28.588428645736244   7.880465340750758   42.90475574408746
118   27.667692643394698   7.715299863096852   42.005521476860636
119   26.2960853190268   7.556728442336853   41.1421881860562
120   24.3875764976087   7.404453675229255   40.313136676248156
121   21.943210640314817   7.258194789418085   39.51683829794291
122   19.049200959826788   7.117686597920004   38.75184925534225
123   15.861399111346874   6.982678528255003   38.016805320499465
124   12.579833505888576   6.852933720350372   37.310416921907596
125   9.418192075198128   6.728228187854354   36.631464578318145
126   6.573523155113272   6.608350037954878   35.97879465108766
127   4.200964308054116   6.493098745215855   35.35131539061966
128   2.3970713676029494   6.382284475321552   34.74799325452845
129   1.1935321577930982   6.27572745496357   34.16784947702387
130   0.5610906473972392   6.173257384417611   33.60995687071811
131   0.4217958662477386   6.074712889641826   33.0734368436055
132   0.6665231912929737   5.979941010987743   32.5574566153777
133   1.1742539452752885   5.888796725851082   32.061226618522554
134   1.8298492621291782   5.801142502805395   31.58399807082937
135   2.5378405694716704   5.716847884958138   31.125060706994297
136   3.2308269599271697   5.635789100448629   30.683740657998097
137   3.872181279968344   5.5578486981717   30.2593984678237
138   4.453705904905751   5.482915206961151   29.851427237899607
139   4.989509350096832   5.410882816604927   29.459250890404604
140   5.507682252458602   5.3416510791898375   29.08232254225578
141   6.041366864423107   5.275124629389513   28.72012298223179
142   6.620587767917311   5.211212922415241   28.372159244260754
143   7.265852153602106   5.149829988446767   28.037963270432392
144   7.984133259896019   5.090894202449663   27.717090657781494
145   8.767447424293477   5.034328068368133   27.40911948333761
146   9.593864527853523   4.980058016757852   27.1136492023483
147   10.430518610457606   4.9280142149931025   26.830299614962446
148   11.238006714278098   4.878130389246774   26.55870989701022
149   11.975452575978986   4.8303436575009355   26.298537690838433
150   12.605501362779513   4.784594372900357   26.0494582524575
151   13.098614242325423   4.740825976811908   25.811163651531498
152   13.436188406523009   4.6989848609993015   25.5833620209962
153   13.612213330825337   4.659020238365766   25.365776853324725
154   13.633399993398433   4.620884021757366   25.158146340678993
155   13.517939256252495   4.584530710356397   24.960222756384823
156   13.293196564094044   4.549917283228866   24.771771875357157
157   12.992741052578477   4.5170030996217205   24.59257243127382
158   12.653149748198965   4.4857498056352005   24.422415608458323
159   12.310991804317412   4.456121246923131   24.261104566581498
160   12.000293479365503   4.428083387099687   24.108453996431628
161   11.750664760872095   4.401604231554951   23.96428970513251
162   11.586148281966368   4.37665375640397   23.82844822931051
163   11.52472935900352   4.353203842314822   23.70077647482513
164   11.578356403188366   4.331228212980693   23.58113138178377
165   11.75328467682776   4.31070237801934   23.469379613660845
166   12.050555935291666   4.291603580100368   23.365397269435334
167   12.466455643526707   4.273910746117034   23.26906961774829
168   12.992851985688727   4.257604442234408   23.180290852165104
169   13.61739549767701   4.242666832660236   23.098963866705724
170   14.323623214985082   4.22908164199834   23.025000050879857
171   15.091064290609781   4.216834121057467   22.958319103535093
172   15.895474336874068   4.205911016000645   22.898848864892397
173   16.70932008083013   4.196300540732031   22.846525166207726
174   17.502603271848425   4.187992352429351   22.801291696559794
175   18.24406212878909   4.180977530140886   22.7630998863226
176   18.90271777673442   4.175248556376394   22.73190880693814
177   19.44965833351003   4.170799301631411   22.707685086659907
178   19.85990007132969   4.167625011794191   22.69040284199059
179   20.11413400909679   4.165722298394064   22.680043624589903
