1.4974035039327447 19896845.563430846
2.2486067582078153 6425470.185262669
3.0000000000000036 2930957.2943311245
3.7500000000000036 1411636.214908395
4.5000000000000036 801667.1816272634
5.2500000000000036 472834.21394678304
6 319958.04867532436
8.250000000000004 103849.12952576223
9.749493366621024 55682.49878827698
10.500000000000007 41741.89218004149
11.250000000000004 32670.633119470192
12.000000000000004 25481.90539215815
12.750000000000004 20038.329400416063
13.500000000000007 16157.836272728287
14.250000000000004 13842.779987084106
15.000000000000007 11757.505700859769
15.750000000000004 9643.795379497713
16.5 8312.022086381143
17.250000000000004 7165.539103361571
18.000000000000004 6193.961698509971
18.750000000000007 5335.820537779522
19.500000000000004 4591.003271608329
20.25000000000001 3958.082467412323
21.000000000000004 3412.2423534677628
21.750000000000004 2941.68064460566
22.500000000000004 2535.9859159391635
23.25000000000001 2186.9749254708863
24.000000000000004 1933.0980119329106
24.75000000000001 1709.852542980425
25.50000000000001 1474.2598437911079
26.250000000000004 1265.4941627002827
27.00000000000001 1152.5364738641397
27.750000000000004 1039.4946029581702
28.500000000000004 941.0347525934169
29.250000000000004 848.8259229860039
30.00000000000001 772.4911707978674
30.750000000000018 711.6514795589135
31.50000000000001 665.7073768495952
32.25 631.8685453588735
33 571.0514065498845
33.75 542.9114469423628
34.500000000000014 515.3712713956456
35.250000000000014 492.08515714471156
36.000000000000014 459.72630813724754
36.750000000000014 437.44203840571936
37.500000000000014 403.8567665021905
38.250000000000014 378.15360587991483
39.000000000000014 358.42826731226074
39.75 332.2967906784919
40.500000000000014 308.4763887402097
41.250000000000014 294.23128511774075
42.000000000000014 266.35273996726806
42.750000000000014 247.3037411695239
43.5 225.18993790148912
44.250000000000014 207.6209117309339
45.000000000000014 187.49814413715768
45.750000000000014 169.6713582815646
46.500000000000014 153.9876642973379
47.250000000000014 138.99189296305974
48.000000000000014 126.19997640129671
48.750000000000014 111.20409826413244
49.500000000000014 98.27272032382153
50.250000000000014 89.2322476801223
51.000000000000014 76.88633922469114
51.750000000000014 69.40492712765833
52.500000000000014 59.9955449503221
53.250000000000014 54.658154005679194
54.000000000000014 48.899332259290446
54.75 42.935951492705186
55.5 38.86285411581345
56.25 36.17707836711637
57.000000000000014 33.57381465906568
57.75 31.992533677442438
58.500000000000014 30.457511453349145
59.250000000000014 29.744662724437685
60.000000000000014 29.630318517666577
60.750000000000014 29.65587435396115
61.50000000000003 30.4671726744893
62.250000000000014 30.739846671199686
63 31.399297086405948
63.750000000000014 32.76444795303254
64.50000000000001 34.584883770869155
65.25 34.57563564569821
66 36.34229841681264
66.75000000000001 38.274625518320924
67.5 39.07435928855818
68.25000000000001 40.002339146436455
69.00000000000001 40.1693298380413
69.75000000000001 42.42486337571533
70.50000000000003 42.37619678034893
71.25000000000001 43.56401116049704
72.00000000000001 43.44245399916791
72.75000000000001 43.44462505211045
73.50000000000001 43.44459868325314
74.25000000000001 43.44460166733517
75 43.42974312041368
75.75000000000001 42.30722442379641
76.50000000000001 42.46874874101573
77.25000000000001 40.62924582691526
78.00000000000001 39.64811009567406
78.75 38.11554036384506
79.5 36.86532029316962
80.25000000000001 36.17397081454026
81.00000000000001 34.45853404000216
81.75000000000001 32.71507803163199
82.50000000000001 30.402712779157955
83.25000000000001 28.25453892549028
84.00000000000001 26.805047799523336
84.75000000000001 24.915911659977443
85.50000000000003 23.178415822552182
86.25000000000001 21.577411587933028
87.00000000000001 19.539066119948043
87.75000000000001 17.665829596164922
88.50000000000001 15.638451827039722
89.25 14.023618789909815
90 12.403541653276204
90.75000000000001 10.686909685308862
91.50000000000001 8.992381379801078
92.25 7.545631858564699
93.00000000000001 6.208117563032026
93.75000000000001 5.107305656901915
94.50000000000003 3.9113309231755222
95.25000000000003 3.080034330950853
96.00000000000003 2.2333265392002417
96.75000000000001 1.6687892621156448
97.50000000000001 1.0207704327318685
98.25000000000001 0.571884024993543
99.00000000000001 0.25178103563748866
99.74993667082764 0.0699643873238343
100.59467711269639 0.01908761880718533
101.34404382097266 0.05937157992011914
102.00000000000001 0.20489933379692932
102.75000000000003 0.4753520857780132
103.50000000000001 0.8819989761185967
104.25000000000003 1.3035775327706163
105.00000000000001 1.85674906296585
105.75000000000003 2.482786436856119
106.50000000000001 3.2429360840321118
107.25000000000001 4.052203815918243
108.00000000000003 4.695105422262592
108.75000000000001 5.592245103437429
109.50000000000001 6.488647843429816
110.25 7.52252257376168
111.00000000000001 8.365599994229028
111.75000000000001 9.372681622712262
112.50000000000001 10.228014607414327
113.25000000000001 11.312505268142875
114.00000000000003 12.192343656453417
114.75000000000003 13.129123410359908
115.50000000000001 13.78607105548527
116.25000000000001 14.835406517573373
117.00000000000001 15.201833684009435
117.75000000000001 16.023885753199668
118.50000000000001 16.958902396719957
119.24999999999999 17.87580109421565
120.00000000000004 17.993717245769727
120.74999999999999 18.221303896227994
121.50000000000001 18.684119270293337
122.25000000000001 19.197892634831803
123.00000000000004 19.20837059900683
123.74999999999999 19.208254517370964
124.50000000000001 19.208254366177197
125.25000000000001 19.20825043110095
125.99999999999999 19.208505130698885
126.74999999999999 19.194391665562733
127.49999999999999 18.665781612241307
128.25 18.20833672368657
129.00000000000003 18.09156376340928
129.75 17.193722491827558
130.5 16.937859569406903
131.25 16.091258608035915
132.00000000000003 15.267375347856078
132.75 14.492348435323148
133.50000000000003 13.81187248158986
134.25 13.087700789516155
135 12.25392161852087
135.75000000000003 11.377611206610052
136.50000000000003 10.44416593455336
137.25000000000003 9.552637318151767
138.00000000000003 8.638868882064104
138.75000000000003 7.65673642106893
139.50000000000003 6.89415781804959
140.25000000000003 6.255350026666806
141.00000000000006 5.395773688574385
141.75000000000003 4.655101453999542
142.50000000000003 3.885121881574255
143.25000000000003 3.212149807252144
144.00000000000003 2.521993095990249
144.75000000000003 2.0664620515050927
145.5 1.421007660431309
146.25000000000003 1.159378618231352
147.00000000000003 0.7252304295670102
147.75000000000003 0.45657266743354863
148.5 0.2648524514671738
149.25000000000003 0.16082049280681177
150 0.138477967060181
150.75 0.18905561137843707
151.5 0.32939048808307875
152.25 0.5504083053945524
153.00000000000003 0.8482885978988688
153.75000000000003 1.2247333603215989
154.50000000000003 1.7528327340936014
155.25000000000003 2.292669081369371
156.00000000000003 2.8636404452242807
156.75 3.6589183292430403
157.5 4.450865124112901
158.25 5.170973098227601
159.00000000000003 6.162806460511393
159.75000000000003 7.147756209178865
160.50000000000003 7.954944068163454
161.25000000000003 9.158639277867405
162 10.060135131850833
162.75000000000003 11.636278843036907
163.50000000000003 12.494501216934204
164.25000000000003 13.813324329160316
165.00000000000003 14.881863181158785
165.75000000000003 16.029948601078864
166.50000000000003 16.85668051822039
167.25000000000003 18.645853599272943
168.00000000000006 19.797224494136064
168.75000000000006 20.574262807062084
169.50000000000003 21.951888553639762
170.25000000000003 22.628944568096443
171 23.23804092320313
171.75 24.264810224547386
172.50000000000003 25.459483789377256
173.25 25.42400335077138
174.00000000000003 26.762346975537575
174.75000000000003 27.474603539802207
175.5 27.984672062160193
176.25000000000003 28.065056348485296
177.00000000000003 30.027825584700455
177.75 23.14098680636072
178.50000000000003 23.31973682286865
179.25000000000003 28.763633248794566
