0   1.1490919115287306e+20   1.1490919826050089e+20   9.307645059100574e+21
1   105272182.97021796   114456530.66264454   9270978983.67421
2   7000772.236848424   7168936.355938383   580683844.8310091
3   1660621.0936281972   1417390.0840611283   114808596.80895142
4   582968.5381034209   448780.07090155024   36351185.74302556
5   35987.757416388406   183941.13223971493   14899231.711416908
6   75799.65587916618   88767.58131043032   7190174.086144856
7   52303.16181774918   47950.74127421456   3884010.0432113796
8   3807.628866811156   28131.27573134482   2278633.3342389306
9   5118.835536973593   17578.364943612538   1423847.5604326152
10   11540.285084360132   11544.815081026618   935130.0215631558
11   4155.585186528392   7893.968032775167   639411.4106547885
12   258.5786781599843   5580.354518875303   452008.7160288994
13   2545.271171438482   4056.730960533796   328595.2078032375
14   2527.089347294119   3020.250294444325   244640.27384999034
15   533.5767338534558   2295.2947405763275   185918.8739866825
16   425.0342816131419   1775.8864863935278   143846.80539787575
17   1059.9565377997337   1395.8363436992179   113062.74383963666
18   635.4712735359551   1112.5481212133943   90116.39781828495
19   148.68174094645113   897.8768573711542   72728.02544706351
20   321.23730789080093   732.7863808897356   59355.6968520686
21   413.9703814759972   604.1298793262239   48934.52022542413
22   186.71587624947617   502.65605001558475   40715.14005126236
23   101.0410615360051   421.743632310362   34161.234217139325
24   181.36090690578095   356.58027999790124   28883.002679829995
25   162.08738625851532   303.618968167869   24593.136421597388
26   81.21639048773665   260.21150065559976   21077.131553103576
27   71.337588221009   224.35725867373793   18172.937952572775
28   89.55181470471713   194.52829208739388   15756.791659078901
29   74.87790565374159   169.54582362560473   13733.21171367398
30   50.21454143994743   148.49190676546084   12027.844448002328
31   41.35195975501877   130.64546013176437   10582.282270672913
32   44.846193080610156   115.43542718396189   9350.269601900914
33   45.505736750801496   102.40611395462355   8294.895230324508
34   32.514819467920454   91.19128548172904   7386.494124020053
35   20.948914510163178   81.49462879898579   6601.064932717848
36   27.525949729122388   73.07488989807248   5919.06608174387
37   32.67904320212627   65.73447424573091   5324.492413904204
38   19.18123327515545   59.31063655291721   4804.161560786293
39   10.567416095065068   53.66862229811637   4347.158406147426
40   20.736391071959822   48.6962920243307   3944.399653970787
41   23.74703519265801   44.29988049077706   3588.290319752942
42   10.277779696404039   40.40063051122077   3272.4510714088824
43   6.503789243680104   36.93210545777468   2991.5005420797493
44   17.077955557515764   33.83803167936939   2740.8805660289204
45   17.034646084757977   31.070557184874485   2516.7151319748336
46   5.394854150493776   28.588839194909124   2315.695974787639
47   4.851673935549398   26.35789293961825   2134.989328109078
48   13.78504943078404   24.347649070356592   1972.159574698884
49   12.11557167131267   22.53217848978597   1825.1064576726635
50   2.9459307886435733   20.88905218257923   1692.013226788918
51   3.7783322900625222   19.39881040473075   1571.303642783191
52   10.9157826050684   18.044520848825115   1461.6061887548342
53   9.108391205037005   16.81140950648606   1361.7241700253712
54   1.930972178758983   15.686551167719461   1270.6106445852765
55   2.729632999739367   14.658609033278596   1187.3473316955663
56   8.4953263017865   13.717614924415383   1111.1268088776458
57   7.4053276321652834   12.85478317157476   1041.2374368975557
58   1.59275230154717   12.062352539371064   977.0505556890562
59   1.6307822790268194   11.333451568477741   918.0095770466969
60   6.419519242411501   10.661983539133805   863.6206666698382
61   6.443539170238175   10.042527927174591   813.444762101142
62   1.7011250895619139   9.470255764086694   767.0907168910222
63   0.753734034748741   8.940856752833824   724.2093969795396
64   4.7173477573077935   8.450476350976892   684.4885844291281
65   5.958368324980113   7.995661327617564   647.6485675370227
66   2.247465704708438   7.573312543378657   613.4383160136712
67   0.18865878548293966   7.1806439029062545   581.6321561354067
68   3.027794194901542   6.815146595154723   552.0268742075326
69   5.332953493831054   6.474557874343194   524.4391878217986
70   3.010384761315609   6.156833749059755   498.7035336738402
71   0.15462012446999765   5.860125042657792   474.6701284552811
72   1.447520789535908   5.582756368178657   452.20326582247117
73   4.266757616510701   5.323207628257362   431.1798178888463
74   3.680736050063754   5.080097707034381   411.4879142697848
75   0.7715371095024401   4.852170068814142   393.02577557394557
76   0.31513948958242327   4.638280018559225   375.70068150329735
77   2.7282744595539676   4.437383413507767   359.4280564941292
78   3.8325559083728575   4.2485266442519505   344.130658184408
79   1.8972461340409208   4.070837728348089   329.7378559961953
80   0.05887701801298662   3.903518380630596   316.1849888310783
81   0.9734061580519442   3.7458369424433404   303.41279233791056
82   2.8739268460176928   3.597122067458583   291.36688746414524
83   2.745596573900925   3.4567570750219314   279.9973230767764
84   0.8881116728977594   3.3241748933736237   269.25816636326357
85   0.02919125734013589   3.1988535249302945   259.1071355193539
86   1.1323618324244737   3.0803119743010368   249.50526991838393
87   2.332076096343643   2.968106587053735   240.41663355135256
88   1.9084670685427332   2.8618277536088597   231.80804804231767
89   0.5486950355893963   2.761096938158529   223.64885199084083
90   0.05113391254858663   2.6655639973076757   215.91068378192176
91   0.8540575352359978   2.5749047573130075   208.5672853423536
92   1.733689354178927   2.488818822439769   201.59432461762128
93   1.5704997482071552   2.407027590139659   194.96923480131238
94   0.6377376623847995   2.3292724515381016   188.67106857458623
95   0.05158478898654811   2.2553131581588812   182.6803658108694
96   0.40439203638638543   2.1849263379549617   176.97903337435193
97   1.2049302908079036   2.1179041455952454   171.55023579321488
98   1.5304051210745564   2.0540530336120697   166.37829572257766
99   1.0311439284176716   1.993192632472527   161.44860323027467
100   0.25808558639568885   1.935154728923206   156.74753304277968
101   0.04955364365945121   1.879782333094597   152.26236898066236
102   0.6333260176627588   1.826928825856727   147.9812348943949
103   1.3790027283160986   1.7764571788080887   143.8930314834552
104   1.4761765141523273   1.7282392400695268   139.98737844563163
105   0.8172908919582216   1.6821550797557727   136.25456146021762
106   0.11217143642548782   1.6380923896205581   132.68548355926524
107   0.1052693706832378   1.5959459319257119   129.27162048598265
108   0.7750564433665519   1.555617033078829   126.00497967938514
109   1.3933546775572219   1.5170131180247408   122.87806256000398
110   1.3291681983063826   1.4800472817695554   119.88382982333397
111   0.6801836508620225   1.444637894767756   117.01566947618825
112   0.09302576920698037   1.4107082392176438   114.26736737662915
113   0.06623885006075568   1.3781861735922933   111.63308006097574
114   0.5133403909082873   1.3470038229860692   109.10730966187158
115   0.9559506171084483   1.3170972930835796   106.68488073976995
116   1.0209125887282868   1.2884064057618962   104.36091886671359
117   0.7126105656413034   1.2608744545201207   102.1308308161298
118   0.2981289418174476   1.234447978095496   99.99028622573515
119   0.042650717225428535   1.2090765507738965   97.93520061268559
120   0.05907529510675171   1.1847125880366804   95.9617196309711
121   0.3081437771006518   1.1613111663068927   94.06620447085832
122   0.6470339086066713   1.1388298556672005   92.24521830904325
123   0.881632114470243   1.1172285645208002   90.49551372618481
124   0.8557155849638751   1.0964693952560594   88.81402101574082
125   0.5648770056972718   1.076516510056696   87.19783731459239
126   0.19394415174263496   1.0573360060727799   85.64421649189518
127   0.0030472259776635462   1.0388957992345365   84.15055973799748
128   0.13160391135345262   1.021165516051448   82.71440680016728
129   0.4880689316603122   1.0041163927941705   81.33342781632781
130   0.8248168363735983   0.9877211815068176   80.00541570205222
131   0.9289539456354587   0.9719540623426919   78.72827904975803
132   0.7637716294863007   0.9567905617580386   77.50003550240112
133   0.45784993006433305   0.942207476136173   76.31880556703
134   0.181706184231737   0.9281828004488628   75.18280683635787
135   0.034091573337543736   0.9146956615933015   74.09034858905743
136   0.02068711195975086   0.9017262560717807   73.03982674181424
137   0.10689310361636348   0.8892557917074716   72.02971912830519
138   0.2669016532749937   0.8772664331137842   71.05858108221652
139   0.47942838609922467   0.8657412506567883   70.12504130319985
140   0.6930045446629604   0.8546641726703738   69.22779798630029
141   0.820316758187642   0.8440199407023218   68.36561519688809
142   0.7862367246254213   0.833794067586438   67.53731947450149
143   0.5898675422502507   0.8239727981514822   66.74179665027005
144   0.31860907537383576   0.8145430723919459   65.97798886374763
145   0.09537273940326353   0.8054924909389009   65.24489176605097
146   0.0018039494183434601   0.796809282681256   64.54155189718173
147   0.03855092472661128   0.788482274398896   63.86706422631058
148   0.1462573827993425   0.7805008622794838   63.220569844638185
149   0.25995298049948223   0.7728549852001495   62.6012538012121
150   0.35020958704804617   0.765535099664057   62.00834307278861
151   0.4249497629092219   0.7585321562899051   61.44110465948232
152   0.5012864830004065   0.7518375777598879   60.89884379855093
153   0.5776692869386743   0.7454432381385224   60.38090228922032
154   0.6299054999214252   0.7393414434811783   59.886656921975444
155   0.6298745260058268   0.7335249136570231   59.41551800621886
156   0.5666382397807661   0.7279867653166184   58.96692799064609
157   0.45270876087254003   0.7227204959394755   58.54036017109751
158   0.31583312860393037   0.7177199689016319   58.135317481032196
159   0.187011749514156   0.7129793995077008   57.75133136012377
160   0.09070006354337029   0.7084933419359499   57.38796069681193
161   0.03689468583748847   0.7042566770487921   57.04479084095215
162   0.018064969358990383   0.7002646010246351   56.72143268299545
163   0.01707208069717943   0.6965126147703712   56.41752179640007
164   0.022966066728180756   0.6929965140769105   56.13271764022974
165   0.039406809659200036   0.6897123804830941   55.86670281913063
166   0.07557710563102885   0.6866565728160586   55.61918239810074
167   0.12991963107871132   0.683825719378725   55.38988326967673
168   0.18682061312102907   0.681216710757505   55.178553571357895
169   0.23101776938885918   0.6788266932256372   54.98496215127661
170   0.2627064998234548   0.6766530627197345   54.80889808029848
171   0.2954292880811954   0.6746934593691947   54.65017020890476
172   0.33930355067910883   0.672945762560103   54.50860676736834
173   0.3887787492877641   0.6714080865171247   54.3840550078871
174   0.42843452389779146   0.6700787763886958   54.276380887484365
175   0.4502889648706934   0.6689564048225415   54.18546879062587
176   0.463704026989873   0.6680397690202227   54.111221290638035
177   0.4864825147696726   0.6673278882610256   54.053558949143074
178   0.5252977521142388   0.6668200018870702   54.01242015285269
179   0.5656454476970606   0.6665155677430499   53.98776098718704
