0   3.1171113840689623e+19   3.1171114979519558e+19   1.0099441253364334e+22
1   29328076.878555126   31048321.03478856   10059656015.271494
2   1028523.5562497408   1944698.4472489103   630082296.9086468
3   237181.7794748451   384491.6677683182   124575300.3569351
4   153558.96118567203   121739.38555272087   39443560.91908156
5   87815.12055648728   49897.22554245738   16166701.075756192
6   36881.78782511016   24079.747534296414   7801838.201112039
7   10145.5971181171   13007.471048777817   4214420.619804013
8   3379.259536147662   7631.096932330949   2472475.4060752285
9   6855.765571988113   4768.436670901837   1544973.4813721953
10   11903.064181047741   3131.731521545848   1014681.0129808548
11   13859.21919373383   2141.375876946389   693805.7841306299
12   12089.777408996408   1513.7680443997672   490460.8463855246
13   8321.493635691471   1100.4587024017458   356548.6195781655
14   4671.140729279172   819.295327268968   265451.68603514566
15   2365.683067620116   622.6385472483526   201734.88930846626
16   1472.8153148458114   481.7400407968553   156083.7732181811
17   1359.977580053056   378.64484149826865   122680.92864543907
18   1341.8911343608117   301.79799295068204   97782.54971602099
19   1085.6183121033432   243.5646857018105   78914.9581673866
20   641.6301159307375   198.78102780212012   64405.05300788691
21   232.52437135377247   163.88071813319877   53097.35267515639
22   22.616357623755075   136.3541802342623   44178.75439590099
23   18.315848977380355   114.40528220224665   37067.31143352791
24   112.1219425427281   96.72859157929173   31340.063671690525
25   187.74069717011986   82.36191627817625   26685.260874129108
26   194.71468971797276   70.58688711360668   22870.151424808566
27   153.76695596885466   60.86080150654784   19718.8996881215
28   113.51019834563427   52.76917645599875   17097.2131717436
29   104.37375993929905   45.992248162327655   14901.488404594162
30   121.72317902742223   40.281007694623696   13051.046493058075
31   139.65325507317334   35.439849211090596   11482.511144393353
32   135.75172930507335   31.31386371092716   10145.6918423404
33   106.28437075684663   27.77943629411445   9000.537359293083
34   64.46436046484676   24.737219368958616   8014.859075542591
35   28.154895615717326   22.106832899030415   7162.613859285857
36   8.225123656453432   19.822832546135114   6422.597744947775
37   4.636339000125613   17.831617362665718   5777.444025503692
38   10.058841354702835   16.089039863530054   5212.848915783738
39   16.27041726522413   14.558545545278958   4716.968756670382
40   18.676720823141537   13.209714633336237   4279.947541200941
41   17.175340815780718   12.017111678270687   3893.544183759703
42   14.340951269002543   10.959372426003897   3550.8366660252623
43   12.926239193768899   10.018474787807802   3245.985831249728
44   14.158470867615693   9.179153558856713   2974.045753069575
45   17.3178877261719   8.428428055792775   2730.810690076859
46   20.382368848293865   7.755218965632898   2512.690944865059
47   21.23052394643783   7.150036062179428   2316.611684146135
48   18.81278523013511   6.60472251257503   2139.93009407431
49   13.736178367309924   6.11224459900878   1980.367250078845
50   7.946150530867908   5.666518061680564   1835.9518519845028
51   3.6491662500066857   5.262264107186075   1704.973570728288
52   2.0865217090262282   4.894889553175216   1585.9442152287697
53   2.905898875763441   4.56038669338272   1477.5652886560015
54   4.524033372608741   4.255249340201675   1378.700786225343
55   5.233111885833266   3.9764021900169797   1288.3543095655014
56   4.314989481157499   3.721141201284553   1205.6497492161948
57   2.4381559749202175   3.487083108608604   1129.8149271891875
58   1.1119550854033082   3.272122542147097   1060.1677036556594
59   1.6042606886293544   3.0743954992615397   996.1041417607388
60   4.058506999634029   2.892248138870932   937.0883969941821
61   7.371393977692145   2.724210049689287   882.6440560993292
62   9.865881739703232   2.5689712901710857   832.3466980154319
63   10.287930928029922   2.425362617413689   785.817488042035
64   8.493029724374862   2.2923384198613515   742.717648035078
65   5.437292965297512   2.1689619486809795   702.7436713726373
66   2.54667512257587   2.054392508512005   665.6231727578896
67   0.8992129976558377   1.9478743226199695   631.1112805288701
68   0.712356789573557   1.8487268324529953   598.9874937147705
69   1.3869547777353133   1.756336228934242   569.0529381746945
70   2.005072475229729   1.6701480439072685   541.1279662259549
71   1.9336907255065545   1.5896606561029163   515.0500525773449
72   1.1751334224336598   1.5144195877220745   490.67194642195216
73   0.29831329417437585   1.4440124859639105   467.86004545230696
74   0.0423385777041514   1.3780646991738221   446.4929625323184
75   0.8531803835946628   1.3162353702295304   426.46025995436787
76   2.6167530052742363   1.2582139807289563   407.6613297561818
77   4.712989771750289   1.203717288820466   390.00440157783095
78   6.33114275630495   1.1524866113964707   373.4056620924565
79   6.859573450419711   1.1042854080805362   357.7884722180937
80   6.14930147827161   1.0588971301623795   343.0826701726109
81   4.538438027866788   1.0161233025291179   329.22395001943414
82   2.654708950499476   0.9757818108340338   316.153306710227
83   1.1157768796320442   0.9377053697433626   303.8165397968495
84   0.2776090754138783   0.901740151197272   292.16380898791607
85   0.13704191420050413   0.8677445542888169   281.14923558957673
86   0.40855449764882157   0.8355881006675987   270.7305446163019
87   0.7134323657666068   0.805150441366573   260.86874300276963
88   0.778445839115913   0.7763204626760144   251.52782990702866
89   0.552759135789955   0.7489954801862329   242.67453558033938
90   0.202323536210662   0.7230805114224381   234.2780857008699
91   0.0017704260045061633   0.6984876186287453   226.30998843571348
92   0.18636537801843472   0.6751353142468989   218.7438418159952
93   0.8352064212509377   0.6529480224988223   211.5551592896184
94   1.8332637662337476   0.6318555912375492   204.7212115609659
95   2.919454575994071   0.6117928488929256   198.22088304130793
96   3.7907471329933404   0.5926992019192061   192.03454142182278
97   4.213500319093678   0.5745182686619046   186.14391904645703
98   4.097593865023956   0.5571975460102184   180.5320049073108
99   3.5105344699379937   0.5406881055969309   175.1829462134056
100   2.6356515672147953   0.5249443166566856   170.08195859676613
101   1.6988445732326922   0.509923592961859   165.2152441196423
102   0.8952848174898449   0.4955861615279748   160.56991633506385
103   0.34103952490481126   0.48189485102215934   156.13393173117964
104   0.06018804908790881   0.4688148980223324   151.8960269592357
105   0.0030307069839006434   0.4563137694649991   147.84566130665968
106   0.0813353715929967   0.44436099978856275   143.97296393149435
107   0.20456872917046875   0.43292804142950064   140.26868542315822
108   0.3054351033959979   0.42198812746279   136.72415329794396
109   0.35033518734169133   0.41151614529751   133.33123107639324
110   0.33690689324019263   0.4014885204453002   130.08228062427725
111   0.2843242398616953   0.3918831094747601   126.97012746982226
112   0.2221348645987024   0.3826791013502722   123.9880288374882
113   0.1812646781696491   0.373856926430201   121.12964416338515
114   0.18814882404453973   0.36539817246800904   118.38900787963493
115   0.2611578088993706   0.3572855070213703   115.76050427492397
116   0.40810791453137724   0.34950260572968095   113.23884425641664
117   0.6243482446982344   0.34203408597008483   110.8190438543075
118   0.8919090550877464   0.3348654454469118   108.49640432479944
119   1.180723340244095   0.3279830053097591   106.26649372036196
120   1.4526480132388508   0.32137385743182517   104.12512980791135
121   1.6680657256383666   0.31502581551293746   102.06836422619176
122   1.7937406989232139   0.308927369701389   100.09246778325002
123   1.809886338368338   0.3030676444555122   98.19391680358594
124   1.7144259082708782   0.297436359390207   96.36938044242709
125   1.52319712443381   0.29202379287562286   94.61570889170181
126   1.2660656011953506   0.28682074817512476   92.92992240874041
127   0.9801147065495117   0.2818185219277714   91.3092011045979
128   0.701854028372871   0.2770088747969422   89.75087543420926
129   0.46050934519884174   0.27238400412168257   88.25241733542516
130   0.27394616241066866   0.2679365184209031   86.8114319683726
131   0.14786666812747867   0.26365941361292633   85.42565001058814
132   0.07793690620326225   0.2595460508241207   84.09292046701506
133   0.0537538589395944   0.2555901356706198   82.8112039572808
134   0.06323906619891091   0.25178569890648395   81.57856644570083
135   0.09617625548086993   0.24812707834019673   80.39317338222374
136   0.14608489137111813   0.24460890192919393   79.25328422505885
137   0.21024704881400966   0.24122607196925763   78.15724731803948
138   0.28827832993115937   0.23797375030213316   77.10349509789114
139   0.38000106677992673   0.23484734447069985   76.09053960850676
140   0.48346976908055805   0.2318424947565032   75.11696830110705
141   0.5938321948255127   0.22895506203947522   74.18144010078996
142   0.7033692309594879   0.22618111642427247   73.28268172146427
143   0.8026610203487882   0.2235169265818908   72.41948421253262
144   0.8824909457777813   0.2209589497590999   71.59069972194835
145   0.9359070506671515   0.21850382241181124   70.79523846142685
146   0.9598476854206336   0.2161483514217816   70.03206586065724
147   0.9558888863776732   0.21388950585907548   69.30019989834045
148   0.9299283830129383   0.21172440925550223   68.59870859878272
149   0.8909064753241389   0.20965033235681138   67.92670768360689
150   0.8488997146580738   0.20766468632380003   67.28335836891122
151   0.8130534025055111   0.2057650163546834   66.66786529891743
152   0.7898217957508845   0.20394899570309458   66.07947460780265
153   0.7818750739883854   0.20221442006795853   65.51747210201857
154   0.7878513194672161   0.2005592023332189   64.98118155596293
155   0.8029332835213804   0.19898136763699625   64.4699631143868
156   0.8200618245213575   0.19747904875125272   63.9832117954059
157   0.8314919183994092   0.19605048175441495   63.52035608843043
158   0.8303634350874185   0.19469400198069436   63.08085664174498
159   0.8119903860057166   0.1934080402310386   62.66420503485651
160   0.7746522249844071   0.19219111923175716   62.26992263108932
161   0.7197796373718017   0.19104185032790583   61.897559506241485
162   0.6515468511549006   0.18995893039947784   61.54669344943081
163   0.5759955649534199   0.1889411389893585   61.216929032552144
164   0.49990402762134495   0.18798733563284245   60.90789674504095
165   0.4296599208271922   0.18709645737931152   60.61925219089693
166   0.37038240521315063   0.1862675164974117   60.35067534516139
167   0.32546295865593866   0.1854995983557739   60.101869867270736
168   0.2965702764588007   0.18479185947197938   59.87256246892132
169   0.2840244408822036   0.1841435257231004   59.662502334284525
170   0.28733443172227746   0.1835538907117335   59.47146059060165
171   0.3056520779050305   0.18302231428200802   59.29922982737059
172   0.33794519487147734   0.18254822118058345   59.14562366250904
173   0.3828207352076859   0.18213109985816092   59.010476354044144
174   0.4380908120844969   0.18177050140752374   58.893642456037696
175   0.5003080001662433   0.181466038634587   58.794996517606194
176   0.5645449104043853   0.18121738525939193   58.71443282404299
177   0.62463016245099   0.18102427524441875   58.651865179191674
178   0.6738954704547482   0.18088650224801164   58.607226728355776
179   0.7062931399458039   0.18080391920113115   58.58046982116649
