0   1.2468445834685235e+20   1.2468445991807823e+20   9.089497128027902e+22
1   124164387.49143288   124193284.13915424   90536904137.44345
2   8364992.87639958   7778793.788995641   5670740672.177822
3   1368819.0526473476   1537966.6710732728   1121177703.2124157
4   394117.015479318   486957.54221088346   354992048.271734
5   154213.82032787355   199588.90216982953   145500309.68180576
6   54770.12923482366   96318.99013718565   70216543.81000836
7   15844.161634127384   52029.88419511127   37929785.578236125
8   7991.550859693721   30524.387729323797   22252278.654677056
9   9793.415785533976   19073.746683607347   13904761.332349753
10   10034.937873679388   12526.926086183392   9132129.116827693
11   6844.076670877075   8565.503507785555   6244252.05717567
12   2961.5795283880643   6055.072177599069   4414147.6174697215
13   1146.587735808215   4401.834809606983   3208937.5762034906
14   1985.1839738696717   3277.181309075872   2389065.174316311
15   4161.181084174842   2490.55418899341   1815614.0037761964
16   5928.254234153942   1926.9601631874211   1404753.9589636298
17   6365.389215669294   1514.5793659930746   1104128.3578089518
18   5676.5235085912   1207.1919718027282   880042.9474441888
19   4662.559730885185   974.258742807242   710234.6235064795
20   3985.220283664003   795.1241112084805   579645.4770709822
21   3776.8844022302387   655.5228725327951   477876.1740764075
22   3743.178461823148   545.4167209370491   397608.7895631088
23   3526.6017778982755   457.6211288089866   333605.8029017513
24   2994.57653891385   386.9143663171669   282060.5730452147
25   2274.076521174802   329.447665112705   240167.34786716197
26   1589.356902730724   282.3475484544267   205831.36282327707
27   1082.200124911214   243.44320602619135   177470.0971930935
28   750.6784965918002   211.076705823995   153874.9185456924
29   512.864803541142   183.96899264931062   134113.39564134745
30   306.38677707155375   161.12403077849478   117459.41843752268
31   134.5985826791944   141.75939684436239   103342.60029954016
32   38.53400353561966   125.25545484370863   91311.22658106359
33   39.35732286833679   111.1177451764578   81004.83623363773
34   108.61423164211749   98.94887747583446   72133.73167988332
35   186.99569449366336   88.42733159612166   64463.5247335727
36   227.61476900953653   79.29133018454046   57803.379704529994
37   224.31016324586798   71.32646945066287   51996.99622953322
38   204.87767869579469   64.35615945412022   46915.64024205364
39   200.51980888567218   58.234182181115834   42452.71881003344
40   219.1473197915638   52.83885853334495   38519.52787080846
41   242.01527970996563   48.06844671308275   35041.89765383733
42   241.88081215803825   43.83748970401559   31957.529994227367
43   205.22662463345407   40.07389915123121   29213.87248124755
44   141.5086237211811   36.71661423542685   26766.411777626177
45   75.06755733154122   33.7137122231711   24577.296210691726
46   28.42668644400591   31.020875862531593   22614.218503785534
47   9.801607896645235   28.60014424871771   20849.505157315212
48   12.016059294447505   26.41889005030012   19259.37084666879
49   20.879880113794766   24.44897839603512   17823.3052507096
50   25.487413342936627   22.666072246722255   16523.566667860527
51   23.614677370901095   21.0490564287443   15344.762136554595
52   20.242312518297794   19.579558212700864   14273.49793705893
53   21.956259892172195   18.24154677353088   13298.087597904014
54   31.68279346140437   17.0209973608067   12408.307076028086
55   46.793777636968116   15.905608760067919   11595.188786089513
56   60.89274789714663   14.884564805138211   10850.847742945756
57   67.51592203550062   13.948332434434416   10168.33434470269
58   63.43759228847853   13.088490168588388   9541.509332900936
59   50.002693814427   12.297581997046159   8964.937275846647
60   32.15660076492025   11.568992555483728   8433.795572947638
61   15.93077575585127   10.896840198757149   7943.796504893963
62   5.712816838254246   10.275885160684343   7491.120282138886
63   2.5789586951522105   9.701450469654755   7072.357392378315
64   4.375556427182647   9.169353679445406   6684.458832315701
65   7.358054807635537   8.675847794723918   6324.693042353736
66   8.431033184523393   8.21757003404802   5990.608554821006
67   6.771038881722303   7.791497290479878   5680.001524759829
68   4.007036928098585   7.394907329811981   5390.887443432935
69   2.9670852421009446   7.025344915736968   5121.47644357225
70   5.795504815955999   6.680592175629074   4870.151696033594
71   12.547354069562191   6.358642624411665   4635.450473196103
72   21.026497831883038   6.057678350888298   4416.047517797569
73   27.88657047972818   5.776049943855642   4210.740409070762
74   30.317649542438996   5.5122587966952885   4018.4366627908653
75   27.382483880120187   5.264941480918122   3838.1423395893116
76   20.34178208757443   5.032855922915825   3668.951967805636
77   11.904083664038914   4.814869155281864   3510.039614200479
78   4.889957827725011   4.609946445585883   3360.6509588321087
79   1.0264934514560353   4.417141632322145   3220.0962499628436
80   0.42007111215838316   4.235588520649518   3087.744031553498
81   1.843924270979463   4.0644932101164715   2963.0155501749077
82   3.5697057268036416   3.9031272433361353   2845.379760392043
83   4.267143090939571   3.7508214789734504   2734.348858171645
84   3.5517761189618247   3.606960604789088   2629.4742808912447
85   1.9988765870982776   3.4709782171552677   2530.34312030619
86   0.7146134659821322   3.342352402670395   2436.5749015467177
87   0.7328751425884702   3.220601765466292   2347.8186870249265
88   2.5301954870615515   3.1052818507040576   2263.7504691632575
89   5.845085022947285   2.9959819207449314   2184.0708202230544
90   9.825568725228631   2.8923220456897525   2108.5027713078293
91   13.390217198267605   2.7939504745149812   2036.7898959214212
92   15.625038617541808   2.7005412569875955   1968.6945763439574
93   16.060002489660587   2.6117920899952893   1903.996433606566
94   14.747349301450525   2.527422364950197   1842.4909040486934
95   12.155264187143006   2.4471713955717025   1783.987947371771
96   8.955788769645679   2.3707968076768244   1728.3108727964052
97   5.805191903221367   2.2980730746476183   1675.2952714181133
98   3.1916285334769983   2.2287901840408737   1624.7880441657971
99   1.3786678441485125   2.1627524223877237   1576.6465159206505
100   0.42884874036260107   2.0997772666267425   1530.737627370895
101   0.2668453199754817   2.039694371847436   1486.937197076781
102   0.7421663639870839   1.9823446461118992   1445.1292470155745
103   1.6693273603640466   1.9275794040886374   1405.2053855806168
104   2.8455822274410667   1.8752595920893296   1367.0642426331215
105   4.060426751390276   1.8252550778599963   1330.6109517599373
106   5.111895461662391   1.777443999154251   1295.756675383449
107   5.834876098839865   1.7317121657180026   1262.418168808424
108   6.134020641289993   1.68795250985116   1230.5173796814956
109   6.006290559977649   1.64606458119004   1199.981079687539
110   5.539799970449413   1.6059540817812008   1170.7405256184952
111   4.885120332088271   1.5675324378990405   1142.7311472284002
112   4.207326807547228   1.5307164054010889   1115.8922595373936
113   3.6356740541639785   1.495427705720804   1090.1667974704665
114   3.2289433816528246   1.4615926898720362   1065.5010709167145
115   2.9680273670614743   1.4291420280854812   1041.8445384743159
116   2.776444673241224   1.3980104229187238   1019.1495983077498
117   2.5590239285191347   1.3681363438803393   997.3713946887675
118   2.2431149545329863   1.3394617817876473   976.4676389231947
119   1.807232240978981   1.3119320212390364   956.3984434832577
120   1.2881189651904024   1.2854954297273007   937.1261682712021
121   0.7659315176516015   1.2601032620517498   918.6152780357257
122   0.33506195066790406   1.235709478805556   900.8322100492503
123   0.07231854890104081   1.2122705778220488   883.7452512322735
124   0.013740122738641763   1.189745437560828   867.3244239818437
125   0.14700213460433745   1.1680951715024914   851.5413800253161
126   0.42021053927120244   1.147282992700499   836.3693016786636
127   0.762246792893133   1.1272740877110856   821.7828099413814
128   1.1065681474287559   1.1080354991877688   807.7578789078834
129   1.4102449611234997   1.0895360164867303   794.2717560188264
130   1.6626270433232755   1.0717460736836124   781.3028877153534
131   1.8821220989184897   1.0546376544517053   768.8308500952932
132   2.1035926281767336   1.0381842032964828   756.8362842031358
133   2.361545951842904   1.0223605426824791   745.3008356155273
134   2.6749576744420236   1.0071427956259358   734.2070980113073
135   3.0383278105509826   0.9925083133607869   723.5385604400137
136   3.42110345879955   0.9784356077167757   713.2795580255296
137   3.7748607226964417   0.9649042878770305   703.4152258623553
138   4.045487140845671   0.9518950012085327   693.9314558810204
139   4.186570999721501   0.9393893778827994   684.8148564765609
140   4.170377718152139   0.9273699790260128   676.0527147099633
141   3.993897607919125   0.9158202481579009   667.6329609071097
142   3.679003149694449   0.9047244656970899   659.5441354931785
143   3.267266798639016   0.8940677063275632   651.7753579127935
144   2.8111060240381094   0.8838357990363996   644.3162974975353
145   2.363479051731301   0.874015289647245   637.1571461528415
146   1.9683649208396643   0.8645934056871264   630.2885927459151
147   1.653844480911617   0.8555580234363019   623.7017990850642
148   1.4289108547990614   0.8468976370220089   617.3883773890445
149   1.2843269927888943   0.8386013294272455   611.3403691524619
150   1.1970439794491559   0.8306587452952001   605.550225320201
151   1.1370161325906887   0.8230600654187336   600.0107876902567
152   1.0748115480342864   0.8157959828123783   594.7152714702237
153   0.9883137318762298   0.8088576802718341   589.6572489181672
154   0.8670834356876107   0.8022368093328756   584.8306340036663
155   0.7135566531838151   0.795925470547985   580.2296680294812
156   0.5410555493410463   0.7899161950050109   575.848906158653
157   0.36937453518207175   0.7842019270176598   571.6832047958741
158   0.21925557897015496   0.7787760079227775   567.7277097757049
159   0.10723251597651272   0.7736321609241544   563.9778453137086
160   0.04207313021854831   0.7687644769270287   560.4293036798039
161   0.02348461484051434   0.7641674013116233   557.0780355561734
162   0.043072881984001846   0.7598357215979114   553.9202410448772
163   0.0869786794444121   0.755764555957434   550.9523612929694
164   0.1393108298727917   0.7519493425313698   548.1710707053686
165   0.18550143947911418   0.7483858295172461   545.5732697180724
166   0.21494493178271304   0.7450700659896468   543.1560781064526
167   0.22260756981953395   0.7419983934230956   540.9168288054367
168   0.20956451729596662   0.7391674378879175   538.8530622202918
169   0.18256101172656203   0.7365741028924015   536.9625210085608
170   0.1527173006901504   0.734215562846934   535.243145315415
171   0.1334858434406529   0.7320892571280321   533.6930684463352
172   0.13801648858972052   0.7301928847223338   532.3106129625813
173   0.17623266179381838   0.7285243994326437   531.0942871863972
174   0.25212735569970834   0.727082005630095   530.0427821043394
175   0.36194085030737666   0.725864154538348   529.1549686584557
176   0.4938575255376074   0.7248695410375677   528.4298954163868
177   0.6295877507253891   0.724097100977675   527.8667866127252
178   0.7477188375641686   0.7235460089920466   527.465040555202
179   0.8281697761197926   0.7232156768045246   527.2242283904984
