0   3.1919222347974194e+20   3.1919221739028034e+20   3.910104663030934e+21
1   318219352.84281474   317934807.39623505   3894701390.603879
2   20024858.00657631   19913712.099828854   243942973.2229035
3   4583221.962679156   3937194.6779475794   48230634.80485786
4   1256907.2779438205   1246611.3080598617   15270988.52373331
5   431554.0324204321   510947.58955476386   6259107.9720458565
6   212807.65635088686   246576.61475119548   3020563.5307021444
7   118747.59576740142   133196.50353948493   1631657.1683586906
8   58816.06967877839   78142.43258706898   957244.7991915948
9   23410.335109259424   48828.79151003483   598152.6959979266
10   7809.320615453752   32068.9307806295   392844.40206271136
11   3836.5320127080918   21927.68897993103   268614.19000415504
12   4001.216175651773   15500.984774653623   189887.06348950687
13   4120.312960377419   11268.697112593882   138041.53962927507
14   3142.4363229741152   8389.584151234238   102772.40585261941
15   1678.38398241032   6375.818723823133   78103.77936683338
16   587.9821102296195   4933.0180177598   60429.470717557546
17   236.28539499422376   3877.3231769422737   47497.20891754285
18   428.2015770827368   3090.4114478149863   37857.540235733584
19   722.5438993679378   2494.1023815865406   30552.75417443512
20   785.0805097684874   2035.517724693711   24935.092127497963
21   564.4796655697229   1678.1385536839562   20557.19728262846
22   248.92663295484437   1396.2668055988468   17104.268368585876
23   92.1616614920406   1171.5100897510065   14350.998599449827
24   241.3139174019877   990.5007777719482   12133.634527706366
25   662.0534012978936   843.3860226885253   10331.478777934435
26   1180.5475876358255   722.8097240433328   8854.41911953083
27   1594.8937761040186   623.2146074270502   7634.378940981364
28   1782.456254438401   540.3563669094275   6619.365494640487
29   1747.424501610387   470.96062118223546   5769.267609482385
30   1595.569997736524   412.47751879294697   5052.8496052136
31   1463.2479614415881   362.9040559215678   4445.574685039207
32   1445.307042044421   320.65396439989433   3928.0110638987053
33   1557.7140948829099   284.4614276517322   3484.6524887337187
34   1745.7074081378585   253.30912633813625   3103.0367976421694
35   1923.4110876820175   226.37396888607165   2773.0811188543776
36   2018.6388186939607   202.98580527242365   2486.57611458719
37   2000.3582846338848   182.59576179369702   2236.7980819727886
38   1880.366802803773   164.75176820254785   2018.2091604812115
39   1695.5468546617055   149.07950638365662   1826.2239531997936
40   1484.9047038502922   135.26747784536315   1657.0266036056983
41   1274.1638380433765   123.0552235854919   1507.4264889222757
42   1073.064478982302   112.22397364227996   1374.7436771179296
43   882.2787904382963   102.58918182715195   1256.7174773826114
44   702.527552109625   93.99453244269277   1151.4330224229866
45   539.4210900165066   86.30710329131803   1057.262015318646
46   401.9221023393494   79.41344220808092   972.8146670489914
47   296.8672074490302   73.21636927671739   896.9005236397882
48   224.07062839453127   67.63235852876834   828.496391977412
49   175.48926104174123   62.58938469384994   766.7199624996617
50   138.96612167527215   58.02514495160902   710.8080256572105
51   104.23094227207787   53.885584457585445   660.0984096054218
52   67.7085913275306   50.12366902451423   614.0149455502993
53   33.626086507816204   46.698359740239084   572.0549068179288
54   11.091793821013583   43.57375324366518   533.7784772348986
55   8.902251485914766   40.718358425773886   498.7998907157302
56   30.755202098627   38.10448590115384   466.7799522891347
57   73.03284865979442   35.70773103215212   437.41970514386344
58   125.85790476856847   33.5065348315863   410.4550516869321
59   176.57901822583926   31.481809912438177   385.65217142736765
60   213.94497620903522   29.616620942038356   362.8036065399698
61   231.25542840415608   27.895910908818326   341.7249086330244
62   227.51908529547373   26.30626601135194   322.2517586390613
63   206.6226853763102   24.83571320231618   304.2374867283732
64   175.24687924218696   23.473545419380255   287.5509313874082
65   140.51757676446158   22.210170354493236   272.0745868425422
66   108.18765391916557   21.03697928716294   257.702996267746
67   81.71953240382629   19.946233063628494   244.34135502944906
68   62.22857526665857   18.930962764318682   231.90429386290387
69   49.00488907073457   17.98488298428665   220.31481655751142
70   40.28229168932723   17.102315969610444   209.5033706277279
71   33.999834591670066   16.27812511849387   199.4070327015499
72   28.41073804436844   15.507656578274052   189.96879308385712
73   22.474803063499824   14.78668785627045   181.13692623931306
74   16.012116495334357   14.111382519539946   172.8644358643644
75   9.620259655821373   13.478250191150401   165.10856484159243
76   4.388860881567634   12.884111162664519   157.83036174264035
77   1.4890772404281871   12.326065037521579   150.99429670963937
78   1.7543516578848144   11.801462900699867   144.56792053357339
79   5.377887425551482   11.307882578744698   138.52156158962256
80   11.818131513225369   10.84310661286277   132.82805600756896
81   19.93419289672665   10.405102617898168   127.46250706925258
82   28.295051154579276   9.99200574294051   122.40207035102124
83   35.55109564271813   9.602102986172035   117.62576158060743
84   40.74495372758307   9.233819148260071   113.11428456618586
85   43.47209817237585   8.885704235917489   108.84987688998923
86   43.86319387535458   8.556422150836216   104.81617134774365
87   42.423188094171635   8.24474051959371   100.99807136502294
88   39.803340461125025   7.94952153780239   97.38163883807928
89   36.59028199184833   7.669713717107028   93.95399303456108
90   33.1738517766424   7.4043444369657685   90.70321935283067
91   29.716597306537466   7.152513214758356   87.61828688078984
92   26.209434748983593   6.913385617888247   84.68897381913102
93   22.573240606587323   6.686187750387943   81.90579994225232
94   18.760436025713975   6.470201254272507   79.25996536483822
95   14.821349459595055   6.264758772663562   76.74329496512863
96   10.91971524731582   6.069239827652674   74.34818788874527
97   7.301484714611219   5.883067071097906   72.06757162094934
98   4.234835076896437   5.705702871144642   69.89486017152187
99   1.944261272152088   5.536646201312575   67.82391596607906
100   0.5588067007290968   5.3754298025644625   65.84901508141466
101   0.08678970314452066   5.221617591929438   63.964815501135625
102   0.4202383586262445   5.074802294046464   62.16632810206919
103   1.3643673468621815   4.934603274466914   60.448890112219715
104   2.6823179687924052   4.8006645557486864   58.80814080792142
105   4.143421210472467   4.672652999321594   57.23999924168952
106   5.564079189653715   4.550256637834886   55.740643813477355
107   6.8332698309364135   4.4331831442380905   54.3064935169166
108   7.918812816482658   4.321158425218972   52.9341907089324
109   8.85501782738314   4.213925327846504   51.620585266119676
110   9.716317786656171   4.111242449359877   50.36272000465848
111   10.584222496282523   4.012883041021546   49.15781725251394
112   11.515897003747877   3.918633997826789   48.00326647337817
113   12.521723055278065   3.8282949266452615   46.89661285140445
114   13.556625116169084   3.7416772860724143   45.835546754387074
115   14.526408995389925   3.658603591898833   44.81789400076071
116   15.306762672541065   3.578906682671935   43.84160686273121
117   15.769774686485015   3.5024290403336704   42.90475574408746
118   15.811453688420974   3.4290221613763787   42.005521476860636
119   15.373996484136713   3.3585459743719355   41.1421881860562
120   14.45823325356792   3.2908683001018906   40.313136676248156
121   13.124234029218888   3.225864350852482   39.51683829794291
122   11.480796789746458   3.163416265742225   38.75184925534225
123   9.666803014339317   3.103412679224445   38.016805320499465
124   7.828772321633234   3.0457483201557216   37.310416921907596
125   6.0992083127963035   2.9903236390463794   36.631464578318145
126   4.579607887082706   2.937044461313279   35.97879465108766
127   3.330609660617378   2.88582166454038   35.35131539061966
128   2.370083255201939   2.8365708779206904   34.74799325452845
129   1.678394658072172   2.7892122022060306   34.16784947702387
130   1.2089105636363249   2.743669948630049   33.60995687071811
131   0.9011794518129562   2.6998723953963673   33.0734368436055
132   0.6941656474609015   2.6577515604389967   32.5574566153777
133   0.5373199451962574   2.6172429892671474   32.061226618522554
134   0.3979858150212327   2.578285556802398   31.58399807082937
135   0.264482842643911   2.5408212822036162   31.125060706994297
136   0.14501337925637048   2.504795155754947   30.683740657998097
137   0.06318005567598826   2.4701549769652   30.2593984678237
138   0.05130976889846711   2.436851203093845   29.851427237899607
139   0.14293429682473763   2.4048368073799677   29.459250890404604
140   0.36570260793210657   2.374067146306594   29.08232254225578
141   0.735749887810487   2.344499835284228   28.72012298223179
142   1.2541926777382826   2.316094632184551   28.372159244260754
143   1.906028985122645   2.288813328198563   28.037963270432392
144   2.661358658669651   2.2626196455331833   27.717090657781494
145   3.4785471444375533   2.237479141496948   27.40911948333761
146   4.308759212486596   2.2133591185590453   27.1136492023483
147   5.101194940022835   2.1902285399969337   26.830299614962446
148   5.808359185653187   2.1680579507763444   26.55870989701022
149   6.390768244467238   2.1468194033337493   26.298537690838433
150   6.820620998764426   2.1264863879557145   26.0494582524575
151   7.084115436522585   2.107033767471959   25.811163651531498
152   7.182255093977579   2.088437715999689   25.5833620209962
153   7.130148877194748   2.070675661495896   25.365776853324725
154   6.954952771410123   2.0537262318921625   25.158146340678993
155   6.692725075947326   2.0375692046028426   24.960222756384823
156   6.384559683643093   2.0221854592128294   24.771771875357157
157   6.072419111753229   2.0075569331652097   24.59257243127382
158   5.795106502701683   1.9936665802823121   24.422415608458323
159   5.584789132647738   1.9804983319658365   24.261104566581498
160   5.464414684050227   1.9680370609331945   24.108453996431628
161   5.446252752748149   1.956268547357756   23.96428970513251
162   5.531659086052502   1.9451794472906534   23.82844822931051
163   5.712013126102809   1.9347572632510313   23.70077647482513
164   5.9706399804907875   1.9249903168803082   23.58113138178377
165   6.285416944985475   1.9158677235641508   23.469379613660845
166   6.631697331923287   1.9073793689334968   23.365397269435334
167   6.985168899915234   1.8995158871631257   23.26906961774829
168   7.324303470067296   1.8922686409930698   23.180290852165104
169   7.632141828282493   1.8856297034045486   23.098963866705724
170   7.897276242757825   1.8795918408881513   23.025000050879857
171   8.114020544430193   1.8741484982477628   22.958319103535093
172   8.281875005218055   1.8692937848891749   22.898848864892397
173   8.404480935028346   1.865022462547569   22.846525166207726
174   8.488302909955973   1.8613299344130447   22.801291696559794
175   8.541272194576203   1.8582122356181714   22.7630998863226
176   8.571581524855723   1.8556660250561747   22.73190880693814
177   8.586750749990843   1.8536885785028492   22.707685086659907
178   8.593001051013006   1.8522777830196404   22.69040284199059
179   8.594904272489195   1.851432132619584   22.680043624589903
