2.054979e-05   352094.5   9.991654966799099e-08   324.7092285308093   0.004862168891652469   3.242518174901269e-86   2.563406020632539e+25   2.4045853204184253e-57   
4.242492e-05   312381.8   1.9410719755530726e-07   324.7063528135294   1272512.102906763   -1272511.036654044   0.0   1.0662527191452682   
6.571088e-05   290383.8   4.559032292288737e-07   324.7015845310422   821457.0116431229   -821456.2847271343   0.0   0.7269159886054695   
9.049865e-05   274981.9   9.975695625723218e-07   324.694707130587   596369.2781027448   -596368.8892059468   0.0   0.38889679801650345   
0.0001168851   263077.8   1.961882537033757e-06   324.6854572521364   461667.45929103025   -461667.4120394591   0.0   0.047251571144443005   
0.0001449733   253296.1   3.530090049679865e-06   324.6735254903483   372157.68336305366   -372157.98411121557   0.0   -0.3007481619133614   
0.0001748731   244931.8   5.9309253892627826e-06   324.6585566668799   308470.6568410393   -308471.31385722256   0.0   -0.6570161832496524   
0.0002067012   237573.2   9.451363385013227e-06   324.64014718690436   260921.98323301898   -260923.00622169703   0.0   -1.0229886780434754   
0.0002405821   230960.5   1.444953141611553e-05   324.6178408463673   224130.92374129375   -224132.32357717986   0.0   -1.3998358861135785   
0.0002766481   224918.8   2.1370052170806473e-05   324.5911242211433   194869.1536726809   -194870.94221372687   0.0   -1.7885410459712148   
0.0003150401   219325.1   3.076246029005165e-05   324.5594208831339   171082.09401002838   -171084.28397569642   0.0   -2.18996566804708   
0.0003559083   214089.5   4.3303222586409294e-05   324.52208486135635   151399.83134206748   -151402.4362228443   0.0   -2.6048807768092956   
0.0003994122   209144.4   5.982173873830279e-05   324.47839408288274   134874.0462835841   -134877.08026512642   0.0   -3.033981542335823   
0.0004457218   204437.4   8.133161541703237e-05   324.4275420996215   120827.1936448932   -120830.67154398079   0.0   -3.4778990875929594   
0.0004950182   199926.9   0.00010906765465086872   324.3686295939881   108762.30925890658   -108766.2464609669   0.0   -3.9372020603186684   
0.0005474939   195579.9   0.0001445294660847818   324.30065553995723   98306.67125215419   -98311.0836659717   0.0   -4.412413817510242   
0.000603354   191368.9   0.00018953354475600848   324.22250661370833   89175.16005562214   -89180.064042546   0.0   -4.903986923862249   
0.0006628168   187271.3   0.00024627437703111043   324.1329465811428   81145.97119927479   -81151.3835198013   0.0   -5.412320526505937   
0.0007261146   183268.0   0.00031739653413776273   324.0306046608793   74043.95842002732   -74049.89616362227   0.0   -5.937743594942731   
0.0007934948   179342.7   0.00040607971386908727   323.91396271531283   67728.95030342245   -67735.4308145514   0.0   -6.480511128946091   
0.0008652206   175481.6   0.0005161380620876768   323.7813422629201   62087.45096304501   -62094.49176854083   0.0   -7.04080549581704   
0.0009415723   171672.4   0.0006521371354831131   323.6308898584376   57026.556517804805   -57034.175220765654   0.0   -7.618702960848168   
0.001022848   167904.7   0.0008195294657099478   323.46056289661294   52469.506202971126   -52477.72039720066   0.0   -8.214194229534769   
0.001109366   164169.0   0.0010248161097307757   323.26811125680763   48352.25933765569   -48361.08648243091   0.0   -8.827144775219494   
0.001201464   160457.1   0.001275726930205914   323.05106539841194   44621.05402062148   -44630.51131393145   0.0   -9.457293309969828   
0.001299501   156761.7   0.001581434664755762   322.80671873240135   41230.38836563863   -41240.49259596426   0.0   -10.104230325625394   
0.001403862   153076.3   0.001952813548879169   322.5321019017291   38141.39610931213   -38152.163522469746   0.0   -10.767413157613191   
0.001514953   149395.2   0.00240270320296046   322.22398198036234   35320.860190793996   -35332.30628709415   0.0   -11.44609630015475   
0.001633209   145713.2   0.002946257578297761   321.87882894140415   32740.05858532811   -32752.197938421825   0.0   -12.139353093712998   
0.001759091   142025.8   0.003601300930743701   321.49281188975624   30374.132769202555   -30386.978804240644   0.0   -12.846035038088303   
0.001893093   138329.0   0.004388780499272871   321.06176769677205   28201.36751575667   -28214.93229806699   0.0   -13.56478231032088   
0.002035737   134619.4   0.005333213600316237   320.58120819171205   26202.818811751767   -26217.112768891147   0.0   -14.293957139379927   
0.00218758   130894.2   0.006463258957900952   320.04629279312843   24361.810709484318   -24376.842379802256   0.0   -15.031670317937824   
0.002349217   127151.0   0.007812342538173296   319.45181479466345   22663.60494729323   -22679.380690029066   0.0   -15.775742735833774   
0.002521278   123388.0   0.009419300418289707   318.7922146278154   21095.181452528966   -21111.705120763963   0.0   -16.523668234996876   
0.002704436   119603.8   0.011329182101907632   318.06155851706495   19644.943969400065   -19662.21657850495   0.0   -17.272609104886214   
0.002899407   115797.7   0.01359406756680462   317.25355160280225   18302.55592407039   -18320.575324582478   0.0   -18.019400512086577   
0.003106953   111969.4   0.01627398102649322   316.3615480351434   17058.77287433092   -17077.533363023344   0.0   -18.760488692423678   
0.003327884   108119.4   0.019437862409408813   315.3785740508063   15905.307645057368   -15924.799623310539   0.0   -19.4919782531706   
0.003563064   104248.7   0.023164662316677943   314.29734299083947   14834.696707546373   -14854.906298301234   0.0   -20.209590754860983   
0.003813411   100358.8   0.027544401806678852   313.11031027702006   13840.217405564079   -13861.12603388556   0.0   -20.908628321481956   
0.004079905   96451.97   0.0326793980979429   311.8097045610744   12915.782752102024   -12937.36680730473   0.0   -21.584055202705713   
0.004363586   92531.23   0.038685335396515266   310.38762018445266   12055.88971790479   -12078.120189443063   0.0   -22.230471538272468   
0.004665563   88600.19   0.045692512123300985   308.83607527527727   11255.536217602708   -11278.378338233964   0.0   -22.842120631255966   
0.004987016   84663.25   0.05384690333406872   307.14712192875766   10510.17391667748   -10533.58686691524   0.0   -23.412950237760015   
0.0053292   80725.51   0.06331114157215362   305.31296711778276   9815.659947846536   -9839.596574850471   0.0   -23.936627003935428   
0.005693454   76792.85   0.07426547101557478   303.32608748009164   9168.206400353205   -9192.613034918457   0.0   -24.406634565251807   
0.0060812   72871.91   0.08690817655992057   301.1794193595531   8564.355643364923   -8589.171953235093   0.0   -24.81630987016979   
0.006493954   68970.07   0.1014560164085957   298.86650655343794   8000.937277642047   -8026.096232508902   0.0   -25.15895486685531   
0.006933327   65095.44   0.1181439069611318   296.381724048743   7475.046926733034   -7500.474849437279   0.0   -25.427922704245248   
0.007401038   61256.84   0.13722448623107664   293.7204536783173   6984.012144609776   -7009.62891997843   0.0   -25.61677536865318   
0.007898914   57463.74   0.15896653582521636   290.8793496076277   6525.378361791026   -6551.097753526249   0.0   -25.719391735223326   
0.0084289   53726.23   0.18365297624768562   287.85655994952106   6096.8848682027065   -6122.615023853882   0.0   -25.730155651175664   
0.008993067   50054.89   0.21157790417236105   284.65196538312995   5696.446818360796   -5722.0909288243965   0.0   -25.644110463600555   
0.00959362   46460.72   0.24304262307227267   281.26741675087914   5322.139574241856   -5347.596735759539   0.0   -25.457161517682835   
0.01023291   42955.02   0.27835083057121973   277.7069374083569   4972.182797713792   -4997.349084519949   0.0   -25.166286806157586   
0.01091342   39549.25   0.31780116781476087   273.97704919909347   4644.939187158092   -4669.708869602138   0.0   -24.76968244404634   
0.01163783   36254.83   0.36168327641399234   270.0866200518674   4338.875422148956   -4363.142515137714   0.0   -24.267092988758122   
0.01240895   33083.01   0.41026521634294744   266.0473854455775   4052.5883398701862   -4076.2481792223953   0.0   -23.65983935220902   
0.01322981   30044.65   0.4637895243491996   261.87354662289346   3784.7613238439385   -3807.71250841388   0.0   -22.951184569941688   
0.01410361   27149.97   0.5224604533751313   257.5820273558721   3534.1804750548486   -3556.326786232872   0.0   -22.146311178023552   
0.01503376   24408.38   0.5864368943357338   253.19215166566815   3299.7156442326477   -3320.968188633697   0.0   -21.252544401049363   
0.01602391   21828.2   0.6558260220271735   248.72525980677543   3080.3107855762078   -3100.590178418367   0.0   -20.279392842159268   
0.01707791   19416.46   0.7306737647939268   244.20451404124958   2874.9901787054664   -2894.2286599215854   0.0   -19.238481216119   
0.01819989   17178.67   0.810966763834922   239.65400715258818   2682.8380098961456   -2700.9815708926817   0.0   -18.143560996536053   
0.01939423   15118.59   0.8966309841060771   235.09821970811458   2503.0032164352087   -2520.0134487939968   0.0   -17.010232358788016   
0.0206656   13238.12   0.9875409862654847   230.56103169793855   2334.690352909066   -2350.546129321083   0.0   -15.855776412016894   
0.02201897   11537.1   1.0835343631469994   226.06473616991636   2177.1569239192254   -2191.8556157484895   0.0   -14.698691829264135   
0.02345962   10013.24   1.1844344900569688   221.62896152425358   2029.7103828446247   -2043.2686033668015   0.0   -13.558220522176725   
0.02499319   8662.105   1.2900858397936796   217.26941738383562   1891.7016327384706   -1904.1554406612104   0.0   -12.45380792273977   
0.02662566   7477.115   1.4003943559406444   212.9968792450726   1762.5261930115157   -1773.9305369467784   0.0   -11.40434393526266   
0.02836341   6449.674   1.5153831363261956   208.81602968632265   1641.6179224962184   -1652.0454037939958   0.0   -10.427481297777376   
0.03021325   5569.328   1.6352546551782114   204.72458154229082   1528.4469688477466   -1537.9857856163903   0.0   -9.538816768643755   
0.03218238   4824.018   1.7604540284743182   200.7128319146933   1422.5215581933621   -1431.2726413248197   0.0   -8.751083131457563   
0.03427852   4200.387   1.8917450886604785   196.7632151845128   1323.3798630854803   -1331.4533012238753   0.0   -8.073438138394977   
0.03650984   3684.151   2.030269240023608   192.85075588822147   1230.5937390746813   -1238.104516760763   0.0   -7.510777686081838   
0.03888508   3260.52   2.1776045619459934   188.94368643122453   1143.762725335294   -1150.8260196997428   0.0   -7.063294364448893   
0.0414135   2914.632   2.3357934538947855   185.00497097702484   1062.5159230818017   -1069.2420812752475   0.0   -6.726158193445826   
0.04410499   2632.008   2.5073495062725453   180.99415582938875   986.5075371474707   -992.9970823324284   0.0   -6.489545184957706   
0.04697006   2398.984   2.6952166433819773   176.8699706714481   915.4169746000296   -921.7558938196092   0.0   -6.3389192195796795   
0.05001992   2203.105   2.9026848978303073   172.593242378098   848.9460783998978   -855.2017427553426   0.0   -6.255664355444765   
0.05326648   2033.458   3.1332461201823407   168.13020919621837   786.8184541999298   -793.0364781308626   0.0   -6.218023930932873   
0.05672242   1880.923   3.390398045984349   163.45578609056875   728.7769845496058   -734.9793289883012   0.0   -6.202344438695377   
0.06040126   1738.329   3.67739799353812   158.5565958369243   674.5816864847008   -680.7662430655137   0.0   -6.1845565808129095   
0.06431735   1600.502   3.996972558061684   153.43355006580543   624.0087332673593   -630.150513078637   0.0   -6.141779811277729   
0.06848601   1464.207   4.351023975499811   148.10333595627387   576.8472930043005   -582.9012874141744   0.0   -6.053994409873894   
0.07292353   1327.978   4.740341848575602   142.59889654956154   532.8985478476638   -538.8040934934727   0.0   -5.905545645808843   
0.07764725   1191.87   5.164377355355376   136.9683693070679   491.9737071302126   -497.66019122729386   0.0   -5.686484097081291   
0.08267561   1057.132   5.621117690741723   131.27248015420776   453.8926285067174   -459.2861201944165   0.0   -5.393491687699111   
0.08802828   925.8319   6.107115491043341   125.58030090366468   418.48218116410555   -423.5124867964506   0.0   -5.030305632345062   
0.09372617   800.4688   6.617694245044429   119.9638051763306   385.5759576770493   -390.18352853165027   0.0   -4.607570854600965   
0.09979154   683.5975   7.147374885727579   114.49136287869547   355.0136183478937   -359.155690567418   0.0   -4.142072219524266   
0.1062481   577.4931   7.6905139676792835   109.2209075724504   326.6408728482886   -330.29619894545044   0.0   -3.655326097161833   
0.1131211   483.8844   8.242120601909221   104.1935272042304   300.3099597499344   -303.4815881543627   0.0   -3.1716284044283043   
0.1204373   403.7722   8.798772177878227   99.42838440614936   275.88082480164405   -278.5964957754332   0.0   -2.7156709737891447   
0.1282254   337.3461   9.359564689194288   94.91939127117377   253.2209562013685   -255.5309496017094   0.0   -2.3099934003409146   
0.1365157   283.9973   9.926856463455941   90.63515732655395   232.20788223991394   -234.18031807400862   0.0   -1.9724358340946821   
0.1453408   242.4218   10.506777893476352   86.52148968082004   212.72842573538554   -214.4424520564346   0.0   -1.7140263210490616   
0.154735   210.7932   11.109181767443053   82.50778955130951   194.6810703223903   -196.2185479069945   0.0   -1.5374775846042041   
0.1647351   186.9813   11.747097649474489   78.51550606974438   177.9744729968025   -179.41115801422688   0.0   -1.436685017424395   
0.1753802   168.7854   12.435478917449469   74.468898564827   162.52775831291933   -163.9250337969016   0.0   -1.3972754839822699   
0.1867118   154.1538   13.18937500887146   70.30614402413791   148.26935570929373   -149.66764953991796   0.0   -1.398293830624226   
0.1987742   141.3613   14.021698637370966   65.98924504494214   135.13495197171812   -136.54977785046648   0.0   -1.4148258787483599   
0.2116146   129.1266   14.940832926327792   61.51137209081918   123.06552890595611   -124.48674933002192   0.0   -1.4212204240658082   
0.2252831   116.6605   15.94846273164798   56.90021865408433   112.00520420431927   -113.39966883097881   0.0   -1.3944646266595413   
0.2398332   103.6456   17.038087939324672   52.21635835990023   101.89871853802438   -103.21592409688884   0.0   -1.3172055588644582   
0.2553216   90.15928   18.194505686336164   47.54694705315128   92.68989273503678   -93.86983698902557   0.0   -1.1799442539887934   
0.271809   76.55827   19.394644345471043   42.99495395979933   84.32001962285965   -85.3021197627998   0.0   -0.9821001399401581   
0.2893597   63.34706   20.609646468345595   38.66610916249273   76.72782279020976   -77.45957713953055   0.0   -0.731754349320795   
0.3080424   51.05145   21.808193095578627   34.65488783557753   69.84957942094744   -70.29372418731033   0.0   -0.44414476636289635   
0.32793   40.11529   22.960469731829367   31.032399940644506   63.62051460871247   -63.75962778611997   0.0   -0.13911317740750206   
0.3491002   30.8318   24.042244956010407   27.837792770692182   57.97640912317551   -57.81432384781478   0.0   0.16208527536073092   
0.3716358   23.31389   25.03821627524044   25.074931327084983   52.85562252364619   -52.41550616106875   0.0   0.4401163625774416   
0.3956248   17.50082   25.943898871527754   22.714879016109162   48.201052261384675   -47.520569173526184   0.0   0.6804830878584909   
0.4211609   13.19324   26.765548216331904   20.703625082618434   43.96157005697809   -43.08608110676879   0.0   0.8754889502093022   
0.448344   10.10533   27.517922005717036   18.973608940699734   40.09281771892538   -39.067957861208214   0.0   1.0248598577171677   
0.4772803   7.921506   28.220174563864493   17.456743257347565   36.55727206265519   -35.42236153943681   0.0   1.1349105232183803   
0.5080827   6.346957   28.89070047811469   16.096214038833473   33.3234956302525   -32.10706368085042   0.0   1.2164319494020788   
0.5408718   5.143763   29.542105864079897   14.8546095859245   30.36478276531308   -29.08295601637542   0.0   1.281826748937661   
0.5757756   4.148827   30.177587347856242   13.716784723589024   27.657689380808172   -26.315518430250947   0.0   1.3421709505572252   
0.6129305   3.273868   30.78992079271805   12.686868079934872   25.18052342249803   -23.77565038984833   0.0   1.4048730326497   
0.6524817   2.491297   31.36363646934036   11.780398371075862   22.912319494666022   -21.43990446519578   0.0   1.4724150294702412   
0.6945837   1.811966   31.88021844200031   11.01367417248556   20.832425236411723   -19.290058134080315   0.0   1.5423671023314078   
0.739401   1.261322   32.325258643701176   10.393171952510766   18.920747498908458   -17.312170996658516   0.0   1.6085765022499423   
0.7871088   0.8595895   32.6957451391654   9.907926575690265   17.15854105983178   -15.495352652891167   0.0   1.6631884069406127   
0.8378935   0.6095636   33.00532247030975   9.527032866595112   15.529465995957528   -13.830463315978156   0.0   1.6990026799793725   
0.8919536   0.4931575   33.28561995684541   9.203066354718915   14.020540840940805   -12.308943488675917   0.0   1.7115973522648886   
0.9495002   0.4754889   33.58262773616445   8.880591661477823   12.622692133339232   -10.921996131494813   0.0   1.7006960018444186   
1.010758   0.5136531   33.94848174789631   8.507441881078444   11.33065809152003   -9.660237337931871   0.0   1.670420753588159   
1.075967   0.5666555   34.43048174186569   8.04562429653998   10.142218135555346   -8.513847693872187   0.0   1.6283704416831597   
1.145382   0.6033763   35.060199301824866   7.478840190840231   9.056953717371297   -7.473138661765226   0.0   1.5838150556060704   
1.219273   0.6066544   35.845768986209016   6.81462991136321   8.074759924867873   -6.52919314102722   0.0   1.5455667838406528   
1.29793   0.5731305   36.769696496954715   6.080778176951412   7.194439672274111   -5.674290393186178   0.0   1.5201492790879332   
1.38166   0.5098362   37.792739978109424   5.317444514198467   6.412836468018993   -4.902107810777997   0.0   1.5107286572409961   
1.47079   0.4292472   38.86284240349841   4.567384552487825   5.724470570610366   -4.207508564689341   0.0   1.516962005921025   
1.565668   0.3445262   39.926434413705586   3.867064650807528   5.121792237303115   -3.5861445042780185   0.0   1.5356477330250966   
1.666665   0.2661437   40.938965506657716   3.240766749155082   4.595861783478821   -3.033980175018901   0.0   1.5618816084599199   
1.774177   0.2003178   41.87192630385073   2.698656836153874   4.137230280041   -2.546860290579092   0.0   1.5903699894619079   
1.888622   0.1490663   42.71484816444772   2.238545514210353   3.736790913911461   -2.1202034060993027   0.0   1.616587507812158   
2.010448   0.1112872   43.47252960498039   1.8500246821373385   3.3863556644419384   -1.7488088720308816   0.0   1.6375467924110567   
2.140131   0.08420824   44.15880468000195   1.519443416894764   3.078964493648119   -1.4268998441670897   0.0   1.6520646494810292   
2.278178   0.06468175   44.78927670255608   1.2341456107472306   2.8088761801066537   -1.1483619294067111   0.0   1.6605142506999426   
2.425129   0.05004041   45.3752633085996   0.9850459928868994   2.571357271187053   -0.9071830165458513   0.0   1.664174254641202   
2.581557   0.03845904   45.92054001357659   0.7672974326802109   2.3623874770170796   -0.6980165318758219   0.0   1.6643709451412576   
2.748073   0.02893004   46.42138206277248   0.5794122939082591   2.1783812353129512   -0.5167849545717687   0.0   1.6615962807411826   
2.925329   0.02102705   46.86924627255174   0.42158158484517344   2.0160087605307684   -0.36135243700686615   0.0   1.6546563235239022   
3.114017   0.01462072   47.254740283234746   0.2939622630132002   1.8721337206520317   -0.23235246365354334   0.0   1.6397812569984884   
3.314875   0.009654171   47.57139054061103   0.19548580371798413   1.743836028745977   -0.13352143624134816   0.0   1.610314592504629   
3.528686   0.006019842   47.81801474215698   0.12343443044134905   1.6284883129943144   -0.06822440370525956   0.0   1.560263909289055   
3.756288   0.003528652   47.999243922130994   0.07369637153495492   1.523826522840824   -0.03206658676433216   0.0   1.491759936076492   
3.998568   0.00193664   48.124367619117436   0.04143710075759789   1.4279970518896907   -0.01435534915481354   0.0   1.413641702734877   
4.256474   0.0009914033   48.205228537725695   0.02185279862484741   1.3395490241689263   -0.0061785715161117305   0.0   1.3333704526528145   
4.531013   0.0004715709   48.25396244804004   0.010764745885452672   1.2573926290679978   -0.0025428159967830766   0.0   1.2548498130712147   
4.823259   0.0002075887   48.28125232395376   0.004931902894312323   1.1807285967898726   -0.0009915330039524384   0.0   1.1797370637859201   
5.134353   8.421341e-05   48.29539565200386   0.002092120021384815   1.1089737431937348   -0.00036298638213616563   0.0   1.1086107568115986   
5.465511   3.134096e-05   48.30215155433683   0.0008178197047175542   1.0416919192132297   -0.0001237101450114464   0.0   1.0415682090682181   
5.818027   1.064842e-05   48.30511276999657   0.00029311680521313397   0.9785416720335859   -3.8945821083880006e-05   0.0   0.978502726212502   
6.193278   3.285719e-06   48.30629811162219   9.58100000144606e-05   0.9192399421457489   -1.124153843096165e-05   0.0   0.9192287006073179   
6.592731   9.156085e-07   48.306729216943765   2.8398017036187248e-05   0.8635394895634272   -2.9534699025890454e-06   0.0   0.8635365360935245   
7.017946   2.290367e-07   48.30687089417806   7.586244613021038e-06   0.8112168241201773   -7.0113585892706e-07   0.0   0.8112161229843183   
7.470585   5.109843e-08   48.3069127185473   1.8146772076965698e-06   0.7620653168061631   -1.492751073861598e-07   0.0   0.7620651675310557   
7.952417   1.009734e-08   48.30692373942083   3.859943598908228e-07   0.7158921861103434   -2.8283249076110906e-08   0.0   0.7158921578270944   
8.465324   1.754197e-09   48.306926313970344   7.246618399549213e-08   0.6725168549461226   -4.730658198504045e-09   0.0   0.6725168502154644   
9.011311   2.658078e-10   48.30692684328203   1.1912245911677613e-08   0.6317696780604976   -6.925959805670345e-10   0.0   0.6317696773679016   
9.592511   3.483157e-11   48.30692693830682   1.6999472694553296e-09   0.5934914273631183   -8.796541273170533e-11   0.0   0.5934914272751529   
10.2112   3.911282e-12   48.30692695307811   2.0866300719290678e-10   0.5575322239101368   -9.600209516236191e-12   0.0   0.5575322239005366   
10.86978   3.72667e-13   48.30692695504825   2.1812836621258037e-11   0.5237523707669015   -8.911760218666132e-13   0.0   0.5237523707660103   
11.57084   2.980852e-14   48.306926955271514   1.92079391198588e-12   0.49201899297771473   -6.961098364399732e-14   0.0   0.4920189929776451   
12.31712   1.977191e-15   48.30692695529278   1.4061902911166636e-13   0.4622081334520966   -4.551914400963142e-15   0.0   0.46220813345209205   
13.11153   1.088048e-16   48.306926955294465   8.2363063952937e-15   0.43420356317725145   -2.220446049250313e-16   0.0   0.43420356317725123   
13.95717   2.380677e-18   48.30692695529457   2.4071019929883546e-16   0.40789594485883784   0.0   0.0   0.40789594485883784   
14.85735   3.181257e-20   48.30692695529457   4.412262399750317e-17   0.38318226633319047   0.0   0.0   0.38318226633319047   
