0.1585269E-03 0.2125256E+03
0.3272780E-03 0.2116234E+03
0.5069125E-03 0.2108517E+03
0.6981325E-03 0.2101124E+03
0.9016851E-03 0.2093747E+03
0.1118366E-02 0.2086234E+03
0.1349021E-02 0.2078492E+03
0.1594552E-02 0.2070458E+03
0.1855919E-02 0.2062081E+03
0.2134142E-02 0.2053319E+03
0.2430310E-02 0.2044134E+03
0.2745578E-02 0.2034488E+03
0.3081180E-02 0.2024348E+03
0.3438426E-02 0.2013679E+03
0.3818712E-02 0.2002446E+03
0.4223525E-02 0.1990615E+03
0.4654445E-02 0.1978152E+03
0.5113158E-02 0.1965019E+03
0.5601456E-02 0.1951182E+03
0.6121245E-02 0.1936603E+03
0.6674559E-02 0.1921244E+03
0.7263558E-02 0.1905069E+03
0.7890544E-02 0.1888037E+03
0.8557967E-02 0.1870110E+03
0.9268435E-02 0.1851249E+03
0.1002473E-01 0.1831414E+03
0.1082979E-01 0.1810567E+03
0.1168678E-01 0.1788667E+03
0.1259904E-01 0.1765677E+03
0.1357013E-01 0.1741560E+03
0.1460386E-01 0.1716279E+03
0.1570425E-01 0.1689802E+03
0.1687562E-01 0.1662095E+03
0.1812253E-01 0.1633130E+03
0.1944986E-01 0.1602881E+03
0.2086279E-01 0.1571326E+03
0.2236686E-01 0.1538449E+03
0.2396792E-01 0.1504238E+03
0.2567225E-01 0.1468687E+03
0.2748649E-01 0.1431797E+03
0.2941774E-01 0.1393578E+03
0.3147355E-01 0.1354049E+03
0.3366195E-01 0.1313235E+03
0.3599149E-01 0.1271176E+03
0.3847126E-01 0.1227920E+03
0.4111097E-01 0.1183529E+03
0.4392093E-01 0.1138077E+03
0.4691211E-01 0.1091652E+03
0.5009621E-01 0.1044354E+03
0.5348567E-01 0.9963017E+02
0.5709372E-01 0.9476241E+02
0.6093448E-01 0.8984668E+02
0.6502294E-01 0.8489891E+02
0.6937509E-01 0.7993641E+02
0.7400793E-01 0.7497770E+02
0.7893955E-01 0.7004247E+02
0.8418924E-01 0.6515131E+02
0.8977751E-01 0.6032556E+02
0.9572619E-01 0.5558700E+02
0.1020585E+00 0.5095760E+02
0.1087993E+00 0.4645916E+02
0.1159747E+00 0.4211294E+02
0.1236130E+00 0.3793929E+02
0.1317439E+00 0.3395723E+02
0.1403991E+00 0.3018403E+02
0.1496126E+00 0.2663485E+02
0.1594204E+00 0.2332234E+02
0.1698606E+00 0.2025631E+02
0.1809742E+00 0.1744348E+02
0.1928046E+00 0.1488724E+02
0.2053979E+00 0.1258755E+02
0.2188035E+00 0.1054092E+02
0.2330736E+00 0.8740489E+01
0.2482641E+00 0.7176224E+01
0.2644343E+00 0.5835194E+01
0.2816474E+00 0.4701972E+01
0.2999706E+00 0.3759104E+01
0.3194755E+00 0.2987646E+01
0.3402385E+00 0.2367736E+01
0.3623405E+00 0.1879185E+01
0.3858680E+00 0.1502055E+01
0.4109129E+00 0.1217185E+01
0.4375730E+00 0.1006666E+01
0.4659525E+00 0.8542142E+00
0.4961624E+00 0.7454535E+00
0.5283207E+00 0.6680819E+00
0.5625530E+00 0.6119351E+00
0.5989930E+00 0.5689469E+00
0.6377833E+00 0.5330236E+00
0.6790753E+00 0.4998501E+00
0.7230304E+00 0.4666477E+00
0.7698204E+00 0.4319049E+00
0.8196281E+00 0.3951014E+00
0.8726481E+00 0.3564410E+00
0.9290876E+00 0.3166066E+00
0.9891671E+00 0.2765483E+00
0.1053121E+01 0.2373068E+00
0.1121200E+01 0.1998777E+00
0.1193670E+01 0.1651145E+00
0.1270814E+01 0.1336676E+00
0.1352933E+01 0.1059564E+00
0.1440348E+01 0.8216826E-01
0.1533401E+01 0.6227899E-01
0.1632455E+01 0.4608801E-01
0.1737898E+01 0.3326227E-01
0.1850142E+01 0.2338303E-01
0.1969624E+01 0.1599045E-01
0.2096812E+01 0.1062237E-01
0.2232204E+01 0.6844597E-02
0.2376327E+01 0.4271782E-02
0.2529745E+01 0.2578930E-02
0.2693059E+01 0.1504772E-02
0.2866904E+01 0.8487893E-03
0.3051962E+01 0.4640097E-03
0.3248956E+01 0.2475989E-03
0.3458654E+01 0.1309587E-03
0.3681876E+01 0.7055241E-04
0.3919495E+01 0.4017485E-04
0.4172440E+01 0.2493652E-04
0.4441697E+01 0.1690617E-04
0.4728321E+01 0.1216314E-04
0.5033430E+01 0.8934816E-05
0.5358217E+01 0.6501065E-05
0.5703951E+01 0.4599384E-05
0.6071982E+01 0.3132308E-05
0.6463750E+01 0.2042377E-05
0.6880785E+01 0.1270915E-05
0.7324716E+01 0.7529592E-06
0.7797278E+01 0.4237799E-06
0.8300317E+01 0.2260490E-06
0.8835800E+01 0.1139780E-06
0.9405819E+01 0.5416518E-07
0.1001260E+02 0.2418139E-07
0.1065852E+02 0.1010514E-07
0.1134609E+02 0.3937308E-08
0.1207801E+02 0.1424321E-08
0.1285713E+02 0.4761906E-09
0.1368650E+02 0.1464152E-09
0.1456937E+02 0.4118525E-10
0.1550917E+02 0.1053924E-10
0.1650958E+02 0.2438853E-11
0.1757452E+02 0.5071016E-12
0.1870814E+02 0.9409706E-13
0.1991486E+02 0.1546931E-13
0.2119942E+02 0.2235661E-14
0.2256683E+02 0.2817055E-15
0.2402242E+02 0.3066729E-16
0.2557189E+02 0.2863254E-17
0.2722129E+02 0.2230620E-18