0.6164936E-04 0.4344503E+04
0.1272748E-03 0.4280151E+04
0.1971326E-03 0.4237269E+04
0.2714960E-03 0.4202562E+04
0.3506553E-03 0.4172068E+04
0.4349200E-03 0.4143940E+04
0.5246193E-03 0.4117183E+04
0.6201037E-03 0.4091186E+04
0.7217463E-03 0.4065539E+04
0.8299443E-03 0.4039947E+04
0.9451204E-03 0.4014186E+04
0.1067725E-02 0.3988075E+04
0.1198237E-02 0.3961463E+04
0.1337165E-02 0.3934221E+04
0.1485055E-02 0.3906232E+04
0.1642482E-02 0.3877390E+04
0.1810062E-02 0.3847597E+04
0.1988450E-02 0.3816758E+04
0.2178344E-02 0.3784783E+04
0.2380484E-02 0.3751584E+04
0.2595662E-02 0.3717076E+04
0.2824717E-02 0.3681174E+04
0.3068545E-02 0.3643796E+04
0.3328098E-02 0.3604859E+04
0.3604392E-02 0.3564284E+04
0.3898504E-02 0.3521990E+04
0.4211585E-02 0.3477900E+04
0.4544859E-02 0.3431937E+04
0.4899626E-02 0.3384028E+04
0.5277274E-02 0.3334100E+04
0.5679279E-02 0.3282087E+04
0.6107210E-02 0.3227924E+04
0.6562741E-02 0.3171553E+04
0.7047650E-02 0.3112921E+04
0.7563834E-02 0.3051982E+04
0.8113309E-02 0.2988698E+04
0.8698222E-02 0.2923039E+04
0.9320858E-02 0.2854989E+04
0.9983651E-02 0.2784541E+04
0.1068919E-01 0.2711703E+04
0.1144023E-01 0.2636496E+04
0.1223971E-01 0.2558961E+04
0.1309076E-01 0.2479155E+04
0.1399669E-01 0.2397155E+04
0.1496105E-01 0.2313060E+04
0.1598760E-01 0.2226993E+04
0.1708036E-01 0.2139098E+04
0.1824360E-01 0.2049549E+04
0.1948186E-01 0.1958544E+04
0.2079998E-01 0.1866307E+04
0.2220311E-01 0.1773093E+04
0.2369674E-01 0.1679181E+04
0.2528670E-01 0.1584878E+04
0.2697920E-01 0.1490516E+04
0.2878086E-01 0.1396450E+04
0.3069872E-01 0.1303057E+04
0.3274026E-01 0.1210729E+04
0.3491348E-01 0.1119871E+04
0.3722685E-01 0.1030899E+04
0.3968943E-01 0.9442266E+03
0.4231082E-01 0.8602650E+03
0.4510129E-01 0.7794126E+03
0.4807172E-01 0.7020484E+03
0.5123373E-01 0.6285233E+03
0.5459967E-01 0.5591522E+03
0.5818269E-01 0.4942060E+03
0.6199681E-01 0.4339043E+03
0.6605691E-01 0.3784086E+03
0.7037886E-01 0.3278170E+03
0.7497956E-01 0.2821603E+03
0.7987697E-01 0.2413994E+03
0.8509024E-01 0.2054263E+03
0.9063974E-01 0.1740650E+03
0.9654715E-01 0.1470773E+03
0.1028356E+00 0.1241686E+03
0.1095295E+00 0.1049973E+03
0.1166552E+00 0.8918535E+02
0.1242405E+00 0.7633045E+02
0.1323150E+00 0.6601868E+02
0.1409102E+00 0.5783766E+02
0.1500598E+00 0.5138916E+02
0.1597994E+00 0.4630049E+02
0.1701673E+00 0.4223429E+02
0.1812038E+00 0.3889603E+02
0.1929521E+00 0.3603910E+02
0.2054580E+00 0.3346707E+02
0.2187706E+00 0.3103345E+02
0.2329417E+00 0.2863893E+02
0.2480268E+00 0.2622655E+02
0.2640848E+00 0.2377537E+02
0.2811785E+00 0.2129303E+02
0.2993746E+00 0.1880790E+02
0.3187443E+00 0.1636138E+02
0.3393632E+00 0.1400068E+02
0.3613118E+00 0.1177265E+02
0.3846761E+00 0.9718806E+01
0.4095472E+00 0.7871764E+01
0.4360224E+00 0.6253044E+01
0.4642051E+00 0.4872265E+01
0.4942054E+00 0.3727512E+01
0.5261405E+00 0.2806663E+01
0.5601353E+00 0.2089411E+01
0.5963226E+00 0.1549695E+01
0.6348438E+00 0.1158258E+01
0.6758493E+00 0.8850808E+00
0.7194995E+00 0.7014815E+00
0.7659649E+00 0.5817493E+00
0.8154270E+00 0.5042279E+00
0.8680792E+00 0.4518462E+00
0.9241272E+00 0.4121465E+00
0.9837899E+00 0.3769072E+00
0.1047301E+01 0.3414836E+00
0.1114907E+01 0.3039953E+00
0.1186874E+01 0.2644808E+00
0.1263483E+01 0.2241161E+00
0.1345032E+01 0.1845623E+00
0.1431841E+01 0.1474789E+00
0.1524248E+01 0.1142079E+00
0.1622615E+01 0.8561507E-01
0.1727327E+01 0.6205712E-01
0.1838791E+01 0.4343896E-01
0.1957445E+01 0.2932347E-01
0.2083751E+01 0.1906055E-01
0.2218203E+01 0.1190992E-01
0.2361326E+01 0.7140735E-02
0.2513681E+01 0.4100146E-02
0.2675861E+01 0.2250259E-02
0.2848501E+01 0.1178349E-02
0.3032275E+01 0.5880508E-03
0.3227901E+01 0.2797645E-03
0.3436145E+01 0.1273425E-03
0.3657819E+01 0.5602693E-04
0.3893789E+01 0.2434980E-04
0.4144979E+01 0.1083904E-04
0.4412369E+01 0.5151563E-05
0.4697004E+01 0.2667915E-05
0.4999996E+01 0.1476264E-05
0.5322530E+01 0.8355019E-06
0.5665865E+01 0.4644827E-06
0.6031343E+01 0.2470134E-06
0.6420393E+01 0.1237818E-06
0.6834535E+01 0.5794893E-07
0.7275386E+01 0.2520307E-07
0.7744670E+01 0.1013749E-07
0.8244220E+01 0.3755055E-08
0.8775988E+01 0.1275157E-08
0.9342052E+01 0.3950632E-09
0.9944624E+01 0.1110787E-09
0.1058606E+02 0.2818156E-10
0.1126886E+02 0.6411731E-11
0.1199570E+02 0.1299455E-11
0.1276942E+02 0.2329216E-12
0.1359304E+02 0.3664248E-13
0.1446978E+02 0.5017795E-14
0.1540306E+02 0.5928805E-15
0.1639653E+02 0.5986783E-16
0.1745408E+02 0.5118780E-17
0.1857983E+02 0.3631362E-18
19.5 0.0
20.0 0.0
50.0 0.0