0.2054979E-04 0.3507433E+06
0.4242492E-04 0.3111831E+06
0.6571088E-04 0.2892697E+06
0.9049865E-04 0.2739270E+06
0.1168851E-03 0.2620687E+06
0.1449733E-03 0.2523247E+06
0.1748731E-03 0.2439925E+06
0.2067012E-03 0.2366624E+06
0.2405821E-03 0.2300751E+06
0.2766481E-03 0.2240567E+06
0.3150401E-03 0.2184846E+06
0.3559083E-03 0.2132694E+06
0.3994122E-03 0.2083434E+06
0.4457218E-03 0.2036545E+06
0.4950182E-03 0.1991616E+06
0.5474939E-03 0.1948315E+06
0.6033540E-03 0.1906368E+06
0.6628168E-03 0.1865551E+06
0.7261146E-03 0.1825674E+06
0.7934948E-03 0.1786575E+06
0.8652206E-03 0.1748115E+06
0.9415723E-03 0.1710172E+06
0.1022848E-02 0.1672642E+06
0.1109366E-02 0.1635432E+06
0.1201464E-02 0.1598459E+06
0.1299501E-02 0.1561651E+06
0.1403862E-02 0.1524943E+06
0.1514953E-02 0.1488277E+06
0.1633209E-02 0.1451603E+06
0.1759091E-02 0.1414875E+06
0.1893093E-02 0.1378054E+06
0.2035737E-02 0.1341107E+06
0.2187580E-02 0.1304004E+06
0.2349217E-02 0.1266723E+06
0.2521278E-02 0.1229244E+06
0.2704436E-02 0.1191555E+06
0.2899407E-02 0.1153648E+06
0.3106953E-02 0.1115521E+06
0.3327884E-02 0.1077179E+06
0.3563064E-02 0.1038630E+06
0.3813411E-02 0.9998913E+05
0.4079905E-02 0.9609850E+05
0.4363586E-02 0.9219406E+05
0.4665563E-02 0.8827945E+05
0.4987016E-02 0.8435904E+05
0.5329200E-02 0.8043793E+05
0.5693454E-02 0.7652197E+05
0.6081200E-02 0.7261778E+05
0.6493954E-02 0.6873270E+05
0.6933327E-02 0.6487483E+05
0.7401038E-02 0.6105293E+05
0.7898914E-02 0.5727646E+05
0.8428900E-02 0.5355544E+05
0.8993067E-02 0.4990040E+05
0.9593620E-02 0.4632230E+05
0.1023291E-01 0.4283238E+05
0.1091342E-01 0.3944204E+05
0.1163783E-01 0.3616264E+05
0.1240895E-01 0.3300536E+05
0.1322981E-01 0.2998099E+05
0.1410361E-01 0.2709969E+05
0.1503376E-01 0.2437080E+05
0.1602391E-01 0.2180256E+05
0.1707791E-01 0.1940194E+05
0.1819989E-01 0.1717438E+05
0.1939423E-01 0.1512361E+05
0.2066560E-01 0.1325145E+05
0.2201897E-01 0.1155770E+05
0.2345962E-01 0.1004004E+05
0.2499319E-01 0.8694003E+04
0.2662566E-01 0.7513006E+04
0.2836341E-01 0.6488453E+04
0.3021325E-01 0.5609906E+04
0.3218238E-01 0.4865337E+04
0.3427852E-01 0.4241437E+04
0.3650984E-01 0.3723987E+04
0.3888508E-01 0.3298273E+04
0.4141350E-01 0.2949527E+04
0.4410499E-01 0.2663374E+04
0.4697006E-01 0.2426265E+04
0.5001992E-01 0.2225864E+04
0.5326648E-01 0.2051384E+04
0.5672242E-01 0.1893830E+04
0.6040126E-01 0.1746153E+04
0.6431735E-01 0.1603292E+04
0.6848601E-01 0.1462116E+04
0.7292353E-01 0.1321251E+04
0.7764725E-01 0.1180826E+04
0.8267561E-01 0.1042145E+04
0.8802828E-01 0.9073152E+03
0.9372617E-01 0.7788569E+03
0.9979154E-01 0.6593275E+03
0.1062481E+00 0.5509901E+03
0.1131211E+00 0.4555490E+03
0.1204373E+00 0.3739726E+03
0.1282254E+00 0.3064138E+03
0.1365157E+00 0.2522281E+03
0.1453408E+00 0.2100818E+03
0.1547350E+00 0.1781292E+03
0.1647351E+00 0.1542349E+03
0.1753802E+00 0.1362092E+03
0.1867118E+00 0.1220268E+03
0.1987742E+00 0.1100009E+03
0.2116146E+00 0.9889413E+02
0.2252831E+00 0.8795710E+02
0.2398332E+00 0.7689661E+02
0.2553216E+00 0.6578717E+02
0.2718090E+00 0.5494585E+02
0.2893597E+00 0.4479532E+02
0.3080424E+00 0.3573856E+02
0.3279300E+00 0.2806431E+02
0.3491002E+00 0.2189458E+02
0.3716358E+00 0.1717666E+02
0.3956248E+00 0.1371331E+02
0.4211609E+00 0.1121862E+02
0.4483440E+00 0.9383383E+01
0.4772803E+00 0.7934280E+01
0.5080827E+00 0.6674450E+01
0.5408718E+00 0.5499320E+01
0.5757756E+00 0.4387975E+01
0.6129305E+00 0.3376416E+01
0.6524817E+00 0.2522624E+01
0.6945837E+00 0.1874067E+01
0.7394010E+00 0.1446086E+01
0.7871088E+00 0.1215334E+01
0.8378935E+00 0.1127472E+01
0.8919536E+00 0.1114135E+01
0.9495002E+00 0.1112047E+01
0.1010758E+01 0.1077651E+01
0.1075967E+01 0.9932645E+00
0.1145382E+01 0.8644155E+00
0.1219273E+01 0.7110884E+00
0.1297930E+01 0.5570967E+00
0.1381660E+01 0.4214348E+00
0.1470790E+01 0.3138262E+00
0.1565668E+01 0.2346865E+00
0.1666665E+01 0.1781742E+00
0.1774177E+01 0.1363381E+00
0.1888622E+01 0.1025710E+00
0.2010448E+01 0.7335659E-01
0.2140131E+01 0.4820404E-01
0.2278178E+01 0.2836180E-01
0.2425129E+01 0.1518680E-01
0.2581557E+01 0.8935891E-02
0.2748073E+01 0.8379952E-02
0.2925329E+01 0.1120900E-01
0.3114017E+01 0.1487296E-01
0.3314875E+01 0.1739637E-01
0.3528686E+01 0.1782382E-01
0.3756288E+01 0.1619975E-01
0.3998568E+01 0.1321470E-01
0.4256474E+01 0.9753653E-02
0.4531013E+01 0.6545837E-02
0.4823259E+01 0.4003939E-02
0.5134353E+01 0.2233221E-02
0.5465511E+01 0.1134604E-02
0.5818027E+01 0.5239116E-03
0.6193278E+01 0.2191748E-03
0.6592731E+01 0.8274007E-04
0.7017946E+01 0.2805483E-04
0.7470585E+01 0.8499018E-05
0.7952417E+01 0.2286895E-05
0.8465324E+01 0.5430475E-06
0.9011311E+01 0.1130034E-06
0.9592511E+01 0.2045036E-07
0.1021120E+02 0.3192247E-08
0.1086978E+02 0.4260182E-09
0.1157084E+02 0.4814414E-10
0.1231712E+02 0.4559827E-11
0.1311153E+02 0.3578868E-12
0.1395717E+02 0.2299013E-13
0.1485735E+02 0.1191306E-14
0.1581558E+02 0.4975608E-16