0.6164936E-04 0.4336529E+04
0.1272748E-03 0.4272297E+04
0.1971326E-03 0.4229500E+04
0.2714960E-03 0.4194865E+04
0.3506553E-03 0.4164433E+04
0.4349200E-03 0.4136360E+04
0.5246193E-03 0.4109656E+04
0.6201037E-03 0.4083712E+04
0.7217463E-03 0.4058117E+04
0.8299443E-03 0.4032575E+04
0.9451204E-03 0.4006865E+04
0.1067725E-02 0.3980806E+04
0.1198237E-02 0.3954247E+04
0.1337165E-02 0.3927059E+04
0.1485055E-02 0.3899125E+04
0.1642482E-02 0.3870341E+04
0.1810062E-02 0.3840607E+04
0.1988450E-02 0.3809828E+04
0.2178344E-02 0.3777916E+04
0.2380484E-02 0.3744783E+04
0.2595662E-02 0.3710343E+04
0.2824717E-02 0.3674512E+04
0.3068545E-02 0.3637208E+04
0.3328098E-02 0.3598349E+04
0.3604392E-02 0.3557854E+04
0.3898504E-02 0.3515643E+04
0.4211585E-02 0.3471640E+04
0.4544859E-02 0.3425768E+04
0.4899626E-02 0.3377954E+04
0.5277274E-02 0.3328125E+04
0.5679279E-02 0.3276214E+04
0.6107210E-02 0.3222160E+04
0.6562741E-02 0.3165901E+04
0.7047650E-02 0.3107385E+04
0.7563834E-02 0.3046566E+04
0.8113309E-02 0.2983408E+04
0.8698222E-02 0.2917881E+04
0.9320858E-02 0.2849966E+04
0.9983651E-02 0.2779659E+04
0.1068919E-01 0.2706967E+04
0.1144023E-01 0.2631911E+04
0.1223971E-01 0.2554531E+04
0.1309076E-01 0.2474885E+04
0.1399669E-01 0.2393051E+04
0.1496105E-01 0.2309126E+04
0.1598760E-01 0.2223232E+04
0.1708036E-01 0.2135515E+04
0.1824360E-01 0.2046149E+04
0.1948186E-01 0.1955329E+04
0.2079998E-01 0.1863281E+04
0.2220311E-01 0.1770257E+04
0.2369674E-01 0.1676538E+04
0.2528670E-01 0.1582430E+04
0.2697920E-01 0.1488262E+04
0.2878086E-01 0.1394391E+04
0.3069872E-01 0.1301192E+04
0.3274026E-01 0.1209057E+04
0.3491348E-01 0.1118389E+04
0.3722685E-01 0.1029603E+04
0.3968943E-01 0.9431129E+03
0.4231082E-01 0.8593282E+03
0.4510129E-01 0.7786454E+03
0.4807172E-01 0.7014437E+03
0.5123373E-01 0.6280736E+03
0.5459967E-01 0.5588481E+03
0.5818269E-01 0.4940366E+03
0.6199681E-01 0.4338590E+03
0.6605691E-01 0.3784766E+03
0.7037886E-01 0.3279862E+03
0.7497956E-01 0.2824175E+03
0.7987697E-01 0.2417322E+03
0.8509024E-01 0.2058223E+03
0.9063974E-01 0.1745116E+03
0.9654715E-01 0.1475614E+03
0.1028356E+00 0.1246785E+03
0.1095295E+00 0.1055219E+03
0.1166552E+00 0.8971412E+02
0.1242405E+00 0.7685350E+02
0.1323150E+00 0.6652759E+02
0.1409102E+00 0.5832538E+02
0.1500598E+00 0.5184958E+02
0.1597994E+00 0.4672867E+02
0.1701673E+00 0.4262683E+02
0.1812038E+00 0.3925094E+02
0.1929521E+00 0.3635531E+02
0.2054580E+00 0.3374444E+02
0.2187706E+00 0.3127302E+02
0.2329417E+00 0.2884265E+02
0.2480268E+00 0.2639677E+02
0.2640848E+00 0.2391476E+02
0.2811785E+00 0.2140478E+02
0.2993746E+00 0.1889549E+02
0.3187443E+00 0.1642813E+02
0.3393632E+00 0.1404977E+02
0.3613118E+00 0.1180734E+02
0.3846761E+00 0.9742276E+01
0.4095472E+00 0.7886876E+01
0.4360224E+00 0.6262414E+01
0.4642051E+00 0.4878420E+01
0.4942054E+00 0.3732809E+01
0.5261405E+00 0.2813160E+01
0.5601353E+00 0.2098894E+01
0.5963226E+00 0.1563725E+01
0.6348438E+00 0.1178097E+01
0.6758493E+00 0.9116066E+00
0.7194995E+00 0.7351781E+00
0.7659649E+00 0.6227173E+00
0.8154270E+00 0.5521677E+00
0.8680792E+00 0.5060486E+00
0.9241272E+00 0.4715389E+00
0.9837899E+00 0.4401383E+00
0.1047301E+01 0.4069976E+00
0.1114907E+01 0.3701043E+00
0.1186874E+01 0.3294763E+00
0.1263483E+01 0.2863961E+00
0.1345032E+01 0.2427229E+00
0.1431841E+01 0.2003772E+00
0.1524248E+01 0.1610284E+00
0.1622615E+01 0.1259138E+00
0.1727327E+01 0.9575409E-01
0.1838791E+01 0.7077487E-01
0.1957445E+01 0.5080587E-01
0.2083751E+01 0.3539370E-01
0.2218203E+01 0.2390725E-01
0.2361326E+01 0.1564032E-01
0.2513681E+01 0.9898286E-02
0.2675861E+01 0.6053683E-02
0.2848501E+01 0.3574846E-02
0.3032275E+01 0.2037316E-02
0.3227901E+01 0.1121183E-02
0.3436145E+01 0.5976344E-03
0.3657819E+01 0.3109135E-03
0.3893789E+01 0.1603231E-03
0.4144979E+01 0.8418278E-04
0.4412369E+01 0.4670726E-04
0.4697004E+01 0.2826875E-04
0.4999996E+01 0.1874439E-04
0.5322530E+01 0.1325858E-04
0.5665865E+01 0.9633404E-05
0.6031343E+01 0.6971928E-05
0.6420393E+01 0.4929153E-05
0.6834535E+01 0.3366887E-05
0.7275386E+01 0.2207719E-05
0.7744670E+01 0.1383918E-05
0.8244220E+01 0.8266492E-06
0.8775988E+01 0.4691257E-06
0.9342052E+01 0.2521848E-06
0.9944624E+01 0.1280117E-06
0.1058606E+02 0.6115483E-07
0.1126886E+02 0.2739758E-07
0.1199570E+02 0.1146659E-07
0.1276942E+02 0.4464743E-08
0.1359304E+02 0.1609830E-08
0.1446978E+02 0.5346931E-09
0.1540306E+02 0.1629652E-09
0.1639653E+02 0.4611470E-10
0.1745408E+02 0.1311720E-10
0.1857983E+02 0.4477058E-11
0.1977819E+02 0.1748208E-11
0.2105384E+02 0.4233782E-12
0.2241175E+02 0.2161284E-13
0.2385725E+02 0.4490811E-12
0.2539597E+02 0.1039785E-11
0.2703393E+02 0.1053314E-11
0.2877753E+02 0.4777524E-12
0.3063359E+02 0.1836093E-13
