6.1649359049044232E-005 4332.8727971996605
1.2727476015258939E-004 4268.6931299793205
1.9713263599157530E-004 4225.9267529160752
2.7149595773394761E-004 4191.3123288418474
3.5065530167542868E-004 4160.8999282486047
4.3491998467270842E-004 4132.8470039134563
5.2461927280578278E-004 4106.1617218505253
6.2010366799231673E-004 4080.2344177230743
7.2174627758150531E-004 4054.6563484315097
8.2994427227914779E-004 4029.1333130071480
9.4512043810081217E-004 4003.4409601610128
1.0677248284173789E-003 3977.3996156283561
1.1982365225483660E-003 3950.8592462805586
1.3371654977747840E-003 3923.6900280803179
1.4850546220864431E-003 3895.7761952739879
1.6424817754504190E-003 3867.0119021783662
1.8100621078895830E-003 3837.2983710995704
1.9884504431946851E-003 3806.5418929616071
2.1783438376625488E-003 3774.6524131994888
2.3804843038586930E-003 3741.5425332104501
2.5956617100475598E-003 3707.1268172386663
2.8247168666199270E-003 3671.3213320172567
3.0685448115777749E-003 3634.0433706826102
3.3280983079147330E-003 3595.2113284933744
3.6043915665581812E-003 3554.7447087265668
3.8985042094204902E-003 3512.5642445984527
4.2115854880451064E-003 3468.5921282883646
4.5448587743319273E-003 3422.7523418322012
4.8996263408895950E-003 3374.9710872466871
5.2772744496940036E-003 3325.1773150299869
5.6792787689371078E-003 3273.3033513387418
6.1072101392324364E-003 3219.2856247767199
6.5627407117089410E-003 3163.0654939083856
7.0476504819778612E-003 3104.5901763621810
7.5638342455042586E-003 3043.8137797198365
8.1133090015614740E-003 2980.6984332898883
8.6982218346996244E-003 2915.2155183152213
9.3208583045251304E-003 2847.3469921375840
9.9836513765745594E-003 2777.0867993066022
1.0689190929180321E-002 2704.4423595462281
1.1440233873476540E-002 2629.4361188545972
1.2239714926089220E-002 2552.1071457993439
1.3090758076605230E-002 2472.5127502829569
1.3996688794629531E-002 2390.7300967167225
1.4961047024129870E-002 2306.8577777132650
1.5987601015844819E-002 2221.0173081810058
1.7080362051805392E-002 2133.3544932205441
1.8243600119506761E-002 2044.0406166804153
1.9481860596977190E-002 1953.2733908900109
2.0799982013941440E-002 1861.2776022837654
2.2203114958480850E-002 1768.3053827726919
2.3696742203068138E-002 1674.6360332933421
2.5286700128620072E-002 1580.5753245298049
2.6979201530282632E-002 1486.4542009823126
2.8780859894063131E-002 1392.6268190075291
3.0698715239170490E-002 1299.4678578522241
3.2740261627043278E-002 1207.3690556797624
3.4913476444557633E-002 1116.7349406928613
3.7226851575839853E-002 1027.9777510688609
3.9689426584488138E-002 941.51156668364354
4.2310824035863837E-002 857.74571031125731
4.5101287097474678E-002 777.07751552535194
4.8071719564374393E-002 699.88460176076148
5.1233728465978831E-002 626.51684220453001
5.4599669420785708E-002 557.28825504656766
5.8182694916222313E-002 492.46909020070439
6.1996805702276003E-002 432.27841845241107
6.6056905499728993E-002 376.87755427567760
7.0378859236771230E-002 326.36465333731593
7.4979555041552029E-002 280.77081722615856
7.9876970232907823E-002 240.05800807813839
8.5090241567126218E-002 204.11902247188735
9.0639740015237016E-002 172.77969676833308
9.6547150363024206E-002 145.80341649950935
0.10283555594479769 122.89788435820576
0.10952952884202370 103.72397116725648
0.11665522589926720 87.906340636306112
0.12424049093263009 75.045412360203926
0.13231496353006841 64.730120065562531
0.14091019486872541 56.550845173899759
0.15005977100184301 50.111869431862083
0.15979944409699379 45.042701785562002
0.17016727213845320 41.007696631553159
0.18120376763959989 37.713490557524324
0.19295205594644241 34.913934606626462
0.20545804375084581 32.412375835077626
0.21877059847192751 30.061328725944591
0.23294173920655981 27.759755610875928
0.24802683999512101 25.448328378470457
0.26408484619676192 23.103157579511443
0.28117850481967710 20.728541002313492
0.29937460970640389 18.349299442603794
0.31874426253221277 16.003236170734599
0.33936315063644901 13.734186597007565
0.36131184277245582 11.586026770863731
0.38467610393172907 9.5978954369481748
0.40954723047248520 7.8007655490925272
0.43602240686216498 6.2153869111486753
0.46420508542785199 4.8515194916653508
0.49420539059848922 3.7082925812493288
0.52614054921847708 2.7754623201838506
0.56013534861411707 2.0353017388174810
0.59632262420280002 1.4648443505998623
0.63484377855028673 1.0382138769660998
0.67584933390430568 0.72880635576298414
0.71949952036350862 0.51114223983790907
0.76596490198006140 0.36226892474408673
0.81542704324238569 0.26266102014950049
0.86807921854234227 0.19662879417096904
0.92412716739911782 0.15229748776445337
0.98378989839086695 0.12125636181149943
1.0473005449354911 9.7993836113126578E-002
1.1149072762645340 7.9234378333027530E-002
1.1868742671498480 6.3277116260708838E-002
1.2634827301722571 4.9410565767298555E-002
1.3450320145658261 3.7448162261432341E-002
1.4318407759314959 2.7400754724707831E-002
1.5242482213907751 1.9278853884378166E-002
1.6226154350449311 1.3001498897158108E-002
1.7273267889189701 8.3807091523379999E-003
1.8387914449036720 5.1498060756048234E-003
1.9574449535645710 3.0086298109085188E-003
2.0837509560652618 1.6665334315803478E-003
2.2182029958553122 8.7267821345294704E-004
2.3613264472020239 4.3065254036795352E-004
2.5136805681017989 1.9960402189817404E-004
2.6758606855929110 8.6577954840533024E-005
2.8485005220088460 3.5006580236573615E-005
3.0322746712620958 1.3139536693392711E-005
3.2279012348345240 4.5577442274267310E-006
3.4361446277745151 1.4540221029284784E-006
3.6578185656653912 4.2443029720587555E-007
3.8937892442367290 1.1273559910743280E-007
4.1449787240430060 2.7087629777696291E-008
4.4123685334352478 5.8504652421895974E-009
4.6970035039043916 1.1281788804602264E-009
4.9999958527830444 1.9283386203928980E-010
5.3225295292588761 2.8989495573428100E-011
5.6658648406818051 3.8018374552627380E-012
6.0313433772423508 4.3134712326394170E-013
6.4203932542644599 4.2029225484495434E-014
6.8345346925971686 3.5076791818237675E-015
7.2753859589106096 2.5398992487099878E-016
7.7446696891081910 1.7072949637660336E-017
8.2442196195638182 9.1680093912169852E-019
8.7759877524866354 8.4292266177134338E-020
9.3420519834120714 8.0538122142021881E-021
9.9446242206237958 6.8745771583941721E-022
10.586059028233420 0.0000000000000000
11.268862826690899 0.0000000000000000
11.995703686676960 0.0000000000000000
12.769421754647210 0.0000000000000000
13.593040350766170 0.0000000000000000
50.0 0