0.6164936E-04 0.4341010E+04
0.1272748E-03 0.4276710E+04
0.1971326E-03 0.4233863E+04
0.2714960E-03 0.4199184E+04
0.3506553E-03 0.4168714E+04
0.4349200E-03 0.4140609E+04
0.5246193E-03 0.4113873E+04
0.6201037E-03 0.4087898E+04
0.7217463E-03 0.4062271E+04
0.8299443E-03 0.4036701E+04
0.9451204E-03 0.4010960E+04
0.1067725E-02 0.3984870E+04
0.1198237E-02 0.3958280E+04
0.1337165E-02 0.3931060E+04
0.1485055E-02 0.3903094E+04
0.1642482E-02 0.3874276E+04
0.1810062E-02 0.3844507E+04
0.1988450E-02 0.3813693E+04
0.2178344E-02 0.3781744E+04
0.2380484E-02 0.3748572E+04
0.2595662E-02 0.3714092E+04
0.2824717E-02 0.3678220E+04
0.3068545E-02 0.3640873E+04
0.3328098E-02 0.3601968E+04
0.3604392E-02 0.3561427E+04
0.3898504E-02 0.3519168E+04
0.4211585E-02 0.3475114E+04
0.4544859E-02 0.3429189E+04
0.4899626E-02 0.3381320E+04
0.5277274E-02 0.3331434E+04
0.5679279E-02 0.3279464E+04
0.6107210E-02 0.3225347E+04
0.6562741E-02 0.3169024E+04
0.7047650E-02 0.3110441E+04
0.7563834E-02 0.3049553E+04
0.8113309E-02 0.2986323E+04
0.8698222E-02 0.2920721E+04
0.9320858E-02 0.2852729E+04
0.9983651E-02 0.2782341E+04
0.1068919E-01 0.2709566E+04
0.1144023E-01 0.2634425E+04
0.1223971E-01 0.2556957E+04
0.1309076E-01 0.2477221E+04
0.1399669E-01 0.2395293E+04
0.1496105E-01 0.2311273E+04
0.1598760E-01 0.2225282E+04
0.1708036E-01 0.2137466E+04
0.1824360E-01 0.2047998E+04
0.1948186E-01 0.1957075E+04
0.2079998E-01 0.1864923E+04
0.2220311E-01 0.1771794E+04
0.2369674E-01 0.1677969E+04
0.2528670E-01 0.1583755E+04
0.2697920E-01 0.1489482E+04
0.2878086E-01 0.1395505E+04
0.3069872E-01 0.1302201E+04
0.3274026E-01 0.1209963E+04
0.3491348E-01 0.1119194E+04
0.3722685E-01 0.1030309E+04
0.3968943E-01 0.9437229E+03
0.4231082E-01 0.8598454E+03
0.4510129E-01 0.7790746E+03
0.4807172E-01 0.7017890E+03
0.5123373E-01 0.6283389E+03
0.5459967E-01 0.5590388E+03
0.5818269E-01 0.4941593E+03
0.6199681E-01 0.4339193E+03
0.6605691E-01 0.3784801E+03
0.7037886E-01 0.3279393E+03
0.7497956E-01 0.2823273E+03
0.7987697E-01 0.2416050E+03
0.8509024E-01 0.2056641E+03
0.9063974E-01 0.1743286E+03
0.9654715E-01 0.1473603E+03
0.1028356E+00 0.1244647E+03
0.1095295E+00 0.1053006E+03
0.1166552E+00 0.8949019E+02
0.1242405E+00 0.7663159E+02
0.1323150E+00 0.6631143E+02
0.1409102E+00 0.5811794E+02
0.1500598E+00 0.5165355E+02
0.1597994E+00 0.4654627E+02
0.1701673E+00 0.4245944E+02
0.1812038E+00 0.3909925E+02
0.1929521E+00 0.3621976E+02
0.2054580E+00 0.3362517E+02
0.2187706E+00 0.3116954E+02
0.2329417E+00 0.2875404E+02
0.2480268E+00 0.2632208E+02
0.2640848E+00 0.2385302E+02
0.2811785E+00 0.2135469E+02
0.2993746E+00 0.1885557E+02
0.3187443E+00 0.1639709E+02
0.3393632E+00 0.1402644E+02
0.3613118E+00 0.1179041E+02
0.3846761E+00 0.9730414E+01
0.4095472E+00 0.7878948E+01
0.4360224E+00 0.6257401E+01
0.4642051E+00 0.4875253E+01
0.4942054E+00 0.3730443E+01
0.5261405E+00 0.2810694E+01
0.5601353E+00 0.2095533E+01
0.5963226E+00 0.1558720E+01
0.6348438E+00 0.1170800E+01
0.6758493E+00 0.9015409E+00
0.7194995E+00 0.7220364E+00
0.7659649E+00 0.6063451E+00
0.8154270E+00 0.5325842E+00
0.8680792E+00 0.4834710E+00
0.9241272E+00 0.4463633E+00
0.9837899E+00 0.4128943E+00
0.1047301E+01 0.3783224E+00
0.1114907E+01 0.3407264E+00
0.1186874E+01 0.3001640E+00
0.1263483E+01 0.2578884E+00
0.1345032E+01 0.2156907E+00
0.1431841E+01 0.1754024E+00
0.1524248E+01 0.1385650E+00
0.1622615E+01 0.1062532E+00
0.1727327E+01 0.7902392E-01
0.1838791E+01 0.5695628E-01
0.1957445E+01 0.3974755E-01
0.2083751E+01 0.2683421E-01
0.2218203E+01 0.1751299E-01
0.2361326E+01 0.1104528E-01
0.2513681E+01 0.6735345E-02
0.2675861E+01 0.3979843E-02
0.2848501E+01 0.2290869E-02
0.3032275E+01 0.1298165E-02
0.3227901E+01 0.7372773E-03
0.3436145E+01 0.4303316E-03
0.3657819E+01 0.2648014E-03
0.3893789E+01 0.1739426E-03
0.4144979E+01 0.1208270E-03
0.4412369E+01 0.8653327E-04
0.4697004E+01 0.6214978E-04
0.4999996E+01 0.4380923E-04
0.5322530E+01 0.2987911E-04
0.5665865E+01 0.1954183E-04
0.6031343E+01 0.1218528E-04
0.6420393E+01 0.7213514E-05
0.6834535E+01 0.4039883E-05
0.7275386E+01 0.2133334E-05
0.7744670E+01 0.1058652E-05
0.8244220E+01 0.4919388E-06
0.8775988E+01 0.2132486E-06
0.9342052E+01 0.8588370E-07
0.9944624E+01 0.3199531E-07
0.1058606E+02 0.1097426E-07
0.1126886E+02 0.3448209E-08
0.1199570E+02 0.9871981E-09
0.1276942E+02 0.2560399E-09
0.1359304E+02 0.5979065E-10
0.1446978E+02 0.1248904E-10
0.1540306E+02 0.2317132E-11
0.1639653E+02 0.3790075E-12
0.1745408E+02 0.5421853E-13
0.1857983E+02 0.6725682E-14
0.1977819E+02 0.7168512E-15
0.2105384E+02 0.6500445E-16
0.2241175E+02 0.4960842E-17
0.2385725E+02 0.3147915E-18
0.2539597E+02 0.1661912E-19
0.2703393E+02 0.3370681E-21
0.2877753E+02 0.4180060E-23