0.2054979E-04 0.3520945E+06
0.4242492E-04 0.3123818E+06
0.6571088E-04 0.2903838E+06
0.9049865E-04 0.2749819E+06
0.1168851E-03 0.2630778E+06
0.1449733E-03 0.2532961E+06
0.1748731E-03 0.2449318E+06
0.2067012E-03 0.2375732E+06
0.2405821E-03 0.2309605E+06
0.2766481E-03 0.2249188E+06
0.3150401E-03 0.2193251E+06
0.3559083E-03 0.2140895E+06
0.3994122E-03 0.2091444E+06
0.4457218E-03 0.2044374E+06
0.4950182E-03 0.1999269E+06
0.5474939E-03 0.1955799E+06
0.6033540E-03 0.1913689E+06
0.6628168E-03 0.1872713E+06
0.7261146E-03 0.1832680E+06
0.7934948E-03 0.1793427E+06
0.8652206E-03 0.1754816E+06
0.9415723E-03 0.1716724E+06
0.1022848E-02 0.1679047E+06
0.1109366E-02 0.1641690E+06
0.1201464E-02 0.1604571E+06
0.1299501E-02 0.1567617E+06
0.1403862E-02 0.1530763E+06
0.1514953E-02 0.1493952E+06
0.1633209E-02 0.1457132E+06
0.1759091E-02 0.1420258E+06
0.1893093E-02 0.1383290E+06
0.2035737E-02 0.1346194E+06
0.2187580E-02 0.1308942E+06
0.2349217E-02 0.1271510E+06
0.2521278E-02 0.1233880E+06
0.2704436E-02 0.1196038E+06
0.2899407E-02 0.1157977E+06
0.3106953E-02 0.1119694E+06
0.3327884E-02 0.1081194E+06
0.3563064E-02 0.1042487E+06
0.3813411E-02 0.1003588E+06
0.4079905E-02 0.9645197E+05
0.4363586E-02 0.9253123E+05
0.4665563E-02 0.8860019E+05
0.4987016E-02 0.8466325E+05
0.5329200E-02 0.8072551E+05
0.5693454E-02 0.7679285E+05
0.6081200E-02 0.7287191E+05
0.6493954E-02 0.6897007E+05
0.6933327E-02 0.6509544E+05
0.7401038E-02 0.6125684E+05
0.7898914E-02 0.5746374E+05
0.8428900E-02 0.5372623E+05
0.8993067E-02 0.5005489E+05
0.9593620E-02 0.4646072E+05
0.1023291E-01 0.4295502E+05
0.1091342E-01 0.3954925E+05
0.1163783E-01 0.3625483E+05
0.1240895E-01 0.3308301E+05
0.1322981E-01 0.3004465E+05
0.1410361E-01 0.2714997E+05
0.1503376E-01 0.2440838E+05
0.1602391E-01 0.2182820E+05
0.1707791E-01 0.1941646E+05
0.1819989E-01 0.1717867E+05
0.1939423E-01 0.1511859E+05
0.2066560E-01 0.1323812E+05
0.2201897E-01 0.1153710E+05
0.2345962E-01 0.1001324E+05
0.2499319E-01 0.8662105E+04
0.2662566E-01 0.7477115E+04
0.2836341E-01 0.6449674E+04
0.3021325E-01 0.5569328E+04
0.3218238E-01 0.4824018E+04
0.3427852E-01 0.4200387E+04
0.3650984E-01 0.3684151E+04
0.3888508E-01 0.3260520E+04
0.4141350E-01 0.2914632E+04
0.4410499E-01 0.2632008E+04
0.4697006E-01 0.2398984E+04
0.5001992E-01 0.2203105E+04
0.5326648E-01 0.2033458E+04
0.5672242E-01 0.1880923E+04
0.6040126E-01 0.1738329E+04
0.6431735E-01 0.1600502E+04
0.6848601E-01 0.1464207E+04
0.7292353E-01 0.1327978E+04
0.7764725E-01 0.1191870E+04
0.8267561E-01 0.1057132E+04
0.8802828E-01 0.9258319E+03
0.9372617E-01 0.8004688E+03
0.9979154E-01 0.6835975E+03
0.1062481E+00 0.5774931E+03
0.1131211E+00 0.4838844E+03
0.1204373E+00 0.4037722E+03
0.1282254E+00 0.3373461E+03
0.1365157E+00 0.2839973E+03
0.1453408E+00 0.2424218E+03
0.1547350E+00 0.2107932E+03
0.1647351E+00 0.1869813E+03
0.1753802E+00 0.1687854E+03
0.1867118E+00 0.1541538E+03
0.1987742E+00 0.1413613E+03
0.2116146E+00 0.1291266E+03
0.2252831E+00 0.1166605E+03
0.2398332E+00 0.1036456E+03
0.2553216E+00 0.9015928E+02
0.2718090E+00 0.7655827E+02
0.2893597E+00 0.6334706E+02
0.3080424E+00 0.5105145E+02
0.3279300E+00 0.4011529E+02
0.3491002E+00 0.3083180E+02
0.3716358E+00 0.2331389E+02
0.3956248E+00 0.1750082E+02
0.4211609E+00 0.1319324E+02
0.4483440E+00 0.1010533E+02
0.4772803E+00 0.7921506E+01
0.5080827E+00 0.6346957E+01
0.5408718E+00 0.5143763E+01
0.5757756E+00 0.4148827E+01
0.6129305E+00 0.3273868E+01
0.6524817E+00 0.2491297E+01
0.6945837E+00 0.1811966E+01
0.7394010E+00 0.1261322E+01
0.7871088E+00 0.8595895E+00
0.8378935E+00 0.6095636E+00
0.8919536E+00 0.4931575E+00
0.9495002E+00 0.4754889E+00
0.1010758E+01 0.5136531E+00
0.1075967E+01 0.5666555E+00
0.1145382E+01 0.6033763E+00
0.1219273E+01 0.6066544E+00
0.1297930E+01 0.5731305E+00
0.1381660E+01 0.5098362E+00
0.1470790E+01 0.4292472E+00
0.1565668E+01 0.3445262E+00
0.1666665E+01 0.2661437E+00
0.1774177E+01 0.2003178E+00
0.1888622E+01 0.1490663E+00
0.2010448E+01 0.1112872E+00
0.2140131E+01 0.8420824E-01
0.2278178E+01 0.6468175E-01
0.2425129E+01 0.5004041E-01
0.2581557E+01 0.3845904E-01
0.2748073E+01 0.2893004E-01
0.2925329E+01 0.2102705E-01
0.3114017E+01 0.1462072E-01
0.3314875E+01 0.9654171E-02
0.3528686E+01 0.6019842E-02
0.3756288E+01 0.3528652E-02
0.3998568E+01 0.1936640E-02
0.4256474E+01 0.9914033E-03
0.4531013E+01 0.4715709E-03
0.4823259E+01 0.2075887E-03
0.5134353E+01 0.8421341E-04
0.5465511E+01 0.3134096E-04
0.5818027E+01 0.1064842E-04
0.6193278E+01 0.3285719E-05
0.6592731E+01 0.9156085E-06
0.7017946E+01 0.2290367E-06
0.7470585E+01 0.5109843E-07
0.7952417E+01 0.1009734E-07
0.8465324E+01 0.1754197E-08
0.9011311E+01 0.2658078E-09
0.9592511E+01 0.3483157E-10
0.1021120E+02 0.3911282E-11
0.1086978E+02 0.3726670E-12
0.1157084E+02 0.2980852E-13
0.1231712E+02 0.1977191E-14
0.1311153E+02 0.1088048E-15
0.1395717E+02 0.2380677E-17
0.1485735E+02 0.3181257E-19