0   -0.7581131343607271   -1.199967744621273
1   0.5297905539446516   -2.4615131171479465
2   1.5106710499947056   -3.4637034427653024
3   -0.805483485009828   -4.270285310437538
4   -0.1479796876754806   -4.934244343296288
5   0.41279681499057536   -5.493544164766398
6   0.9119531572369131   -5.974357824704489
7   1.3077564069065615   -6.394818070910949
8   -1.4129595142655211   -6.76774487585308
9   -1.1276539171423978   -7.102426012787648
10   -0.7587040357127324   -7.405754750966037
11   -0.530893009107618   -7.682962765058243
12   -0.22836016638955023   -7.938101310460624
13   0.003288137892155831   -8.17436425478336
14   0.21264718113637826   -8.394309896565002
15   0.476396006741932   -8.60001660846202
16   0.6173453133658593   -8.79319426559745
17   0.8596950319967621   -8.975265508900636
18   1.0312574789663966   -9.147426020798944
19   1.174459723812159   -9.31068992972513
20   1.4042226028794251   -9.465924498318834
21   1.513906360843765   -9.61387696852469
22   -1.4664283196758352   -9.755195583764353
23   -1.2653313018491859   -9.890446230668697
24   -1.1831939732788916   -10.020125745204277
25   -1.0219028245947883   -10.144672650108273
26   -0.8346146301025319   -10.264475893530506
27   -0.7645648932055061   -10.379882017255712
28   -0.6260385433932627   -10.491201079950839
29   -0.4329192868458988   -10.598711585155163
30   -0.35248992366470805   -10.702664607411943
31   -0.2652161550741944   -10.803287267629475
32   -0.07375490038949607   -10.900785676669692
33   0.06745825569006926   -10.99534744160706
34   0.11082444013905876   -11.087143810152515
35   0.23087239207370003   -11.176331514000111
36   0.4286652660901655   -11.263054360306828
37   0.5637221926018259   -11.347444611404043
38   0.6000744427612352   -11.429624185601266
39   0.6898782049919552   -11.509705706156923
40   0.881513730701456   -11.58779342083834
41   1.0821124279570828   -11.663984010730585
42   1.1977242237885473   -11.738367303894355
43   1.225133861563901   -11.81102690697297
44   1.2896371793271901   -11.882040765795105
45   1.459196919676456   -11.951481664325856
46   -1.4426955884919177   -12.019417669914407
47   -1.1780856890611218   -12.085912531618273
48   -0.9180793030708536   -12.151026037407284
49   -0.6805532193627811   -12.214814335231319
50   -0.4764852229875157   -12.277330222245913
51   -0.31207296978476046   -12.338623405906812
52   -0.1891557344188371   -12.398740740150213
53   -0.10507697936011004   -12.45772643945483
54   -0.05315552926769841   -12.515622273222936
55   -0.02445082653711383   -12.57246774261019
56   -0.010258727096378477   -12.62830024167028
57   -0.003949290878721475   -12.683155204453149
58   -0.001404381023571785   -12.737066239499477
59   -0.00046418453122529056   -12.790065253004245
60   -0.0001433582830213708   -12.842182561774964
61   -4.154948074722312e-05   -12.893446996981787
62   -1.1341790550869308e-05   -12.94388599958512
63   -2.9247749054106537e-06   -12.9935257082285
64   -7.143974377232e-07   -13.04239104029901
65   -1.6566398152229315e-07   -13.090505766782341
66   -3.6546985064775814e-08   -13.137892581473487
67   -7.684417140080028e-09   -13.184573165045904
68   -1.5424272381480542e-09   -13.230568244430376
69   -2.9587851683647767e-10   -13.275897647909442
70   -5.4185426302069776e-11   -13.32058035629283
71   -9.348114468849872e-12   -13.36463455050347
72   -1.3783311050199946e-12   -13.408077655871894
73   -1.9237771644767297e-14   -13.450926383408273
74   2.0338566599818675e-13   -13.493196768296151
75   2.384526193779902e-13   -13.534904205829191
76   2.437698465708876e-13   -13.576063484991874
77   2.4454673405558806e-13   -13.6166888198672
78   2.4465620947420424e-13   -13.656793879037636
79   2.4467110093233134e-13   -13.696391813131381
80   2.446730578626836e-13   -13.735495280652374
81   2.4467330650053434e-13   -13.774116472220767
82   2.446733370660336e-13   -13.812267133339802
83   2.446733407041005e-13   -13.849958585795145
84   2.446733411236398e-13   -13.887201747784175
85   2.44673341170544e-13   -13.924007152864418
86   2.446733411756308e-13   -13.960384967803398
87   2.446733411761663e-13   -13.996345009405342
88   2.44673341176221e-13   -14.031896760384301
89   2.4467334117622643e-13   -14.067049384347824
90   2.4467334117622694e-13   -14.101811739950236
91   2.44673341176227e-13   -14.136192394270175
92   2.4467334117622704e-13   -14.170199635462842
93   2.4467334117622704e-13   -14.203841484733546
94   2.446733411762271e-13   -14.237125707675865
95   2.44673341176227e-13   -14.270059825014368
96   2.44673341176227e-13   -14.302651122789042
97   2.4467334117622704e-13   -14.33490666201586
98   2.4467334117622694e-13   -14.366833287855526
99   2.4467334117622704e-13   -14.398437638320074
100   2.44673341176227e-13   -14.429726152545012
