6.164935904904423e-05   0.0005979733657797121   8.612574491752167e-67   
0.0001272747601525894   140727.36070706768   3.579633780667791   
0.0001971326359915753   90610.13039712624   3.5284052708448144   
0.0002714959577339476   65600.37852532901   3.474198387164506   
0.0003506553016754287   50633.511485836825   3.4167469078311115   
0.0004349199846727084   40687.97312815138   3.355799380391545   
0.0005246192728057828   33611.64684650643   3.291100588765403   
0.0006201036679923167   28328.45615230525   3.2223856581513246   
0.0007217462775815053   24240.564908134256   3.1493760335288243   
0.0008299442722791478   20989.2574588635   3.071776656575821   
0.0009451204381008122   18346.24781480925   2.9892735188259394   
0.001067724828417379   16159.334271811387   2.9015313298787078   
0.001198236522548366   14323.136539206771   2.8081911288318224   
0.001337165497774784   12762.374120308506   2.7088677304327575   
0.001485054622086443   11421.833359464574   2.603146916939295   
0.001642481775450419   10260.096862670616   2.49058229180082   
0.001810062107889583   9245.486077735142   2.3706917058061663   
0.001988450443194685   8353.356359517655   2.242953153605413   
0.002178343837662549   7564.24623499227   2.1068000190298335   
0.002380484303858693   6862.581896976507   1.9616155207104384   
0.00259566171004756   6235.751849137465   1.806726173917923   
0.002824716866619927   5673.433925761318   1.6413940378015468   
0.003068544811577775   5167.097875528581   1.4648074563101545   
0.003328098307914733   4709.632302141577   1.2760699211758038   
0.003604391566558181   4295.06114096317   1.0741865802310713   
0.00389850420942049   3918.325564957859   0.8580477751620492   
0.004211585488045106   3575.114355985228   0.6264088068965066   
0.004544858774331927   3261.730624370947   0.37786487678067715   
0.004899626340889595   2974.986102355422   0.11081981197730784   
0.005277274449694004   2712.116576894099   -0.17655328251930769   
0.005679278768937108   2470.713687839615   -0.48636194907248864   
0.006107210139232436   2248.6695110605365   -0.8210582901629095   
0.006562740711708941   2044.1312140679624   -1.183521566842046   
0.007047650481977861   1855.4637099668162   -1.5771660350644652   
0.007563834245504259   1681.2187096708476   -2.0060832807139377   
0.008113309001561474   1520.1089279083467   -2.475232333794793   
0.008698221834699624   1370.9864676345592   -2.990696909658709   
0.00932085830452513   1232.8246128188994   -3.560038452847266   
0.00998365137657456   1104.7024175322053   -4.1927882857578425   
0.01068919092918032   985.7916016695606   -4.90114559513006   
0.01144023387347654   875.3453591769762   -5.700986395714381   
0.01223971492608922   772.6887597045309   -6.61335312894289   
0.01309075807660523   677.2104839467117   -7.666705788161607   
0.01399668879462953   588.3556801247103   -8.900412448411998   
0.01496104702412987   505.61976681461135   -10.370315273362621   
0.01598760101584482   428.5430376840194   -12.157874751050372   
0.01708036205180539   356.7059482418666   -14.385653012730188   
0.01824360011950676   289.7249846459313   -17.244244511704665   
0.01948186059697719   227.24903089236977   -21.039792045343916   
0.02079998201394144   168.95616406719932   -26.275960439312428   
0.02220311495848085   114.55081834930616   -33.77771092806506   
0.02369674220306814   63.761267575048805   -44.79060271326823   
0.02528670012862007   16.337383768776817   -60.74416632402536   
0.02697920153028263   -27.951364598477767   -82.2801391837225   
0.02878085989406313   -69.31770550584508   -108.36639009753974   
0.03069871523917049   -107.95817378137087   -136.9819786221349   
0.03274026162704328   -144.05456147769553   -166.36186162811663   
0.03491347644455763   -177.77522737290178   -195.39850438234885   
0.03722685157583985   -209.27628186557052   -223.49260608740082   
0.03968942658448814   -238.70266102482492   -250.34673032650807   
0.04231082403586384   -266.1891013598394   -275.8300308464919   
0.04510128709747468   -291.86102494534674   -299.90266263654314   
0.04807171956437439   -315.83534285028753   -322.5748187555187   
0.05123372846597883   -338.22118334844504   -343.8842780420626   
0.05459966942078571   -359.12055013611575   -363.8837962817911   
0.05818269491622231   -378.62891474536565   -382.63383878403647   
0.061996805702276   -396.8357465322844   -400.1982935478428   
0.066056905499729   -413.82498305270667   -416.6418956352842   
0.07037885923677123   -429.67544332944357   -432.02865964629996   
0.07497955504155203   -444.4611864790046   -446.4209191397707   
0.07987697023290782   -458.25181840881066   -459.8787378495015   
0.08509024156712622   -471.1127498125977   -472.4595517049422   
0.09063974001523702   -483.1054094594898   -484.2179557611426   
0.0965471503630242   -494.28741774686887   -495.20558337877594   
0.1028355559447977   -504.7127265997301   -505.47104564542025   
0.1095295288420237   -514.4317329550988   -515.0599122079268   
0.1166552258992672   -523.491374151145   -524.0147232675215   
0.1242404909326301   -531.9352144109841   -532.375028111984   
0.1323149635300684   -539.8035321269671   -540.1774491627671   
0.1409101948687254   -547.1334176743228   -547.4557726416382   
0.150059771001843   -553.9588908972603   -554.2410679299091   
0.1597994440969938   -560.3110461396324   -560.5618377027437   
0.1701672721384532   -566.2182307159906   -566.4442001171059   
0.1812037676395999   -571.7062600862323   -571.9121028485619   
0.1929520559464424   -576.798669832456   -576.987566757972   
0.2054580437508458   -581.5170010377188   -581.6909546015066   
0.2187705984719275   -585.8811120926321   -586.0412576870667   
0.2329417392065598   -589.9095066081543   -590.0563909667185   
0.248026839995121   -593.6196643070854   -593.7534849949286   
0.2640848461967619   -597.028359801911   -597.1491617322627   
0.2811785048196771   -600.1519532951288   -600.2597805667763   
0.2993746097064039   -603.0066376377029   -603.1016413458476   
0.3187442625322128   -605.6086279329448   -605.6911327723662   
0.339363150636449   -607.9742829459095   -608.0448172385911   
0.3613118427724558   -610.1201518210382   -610.1794469534553   
0.3846761039317291   -612.0629447510038   -612.111910847349   
0.4095472304724852   -613.8194318920832   -613.859116874395   
0.436022406862165   -615.4062805061159   -615.4378195333168   
0.464205085427852   -616.8398454836436   -616.8644071787235   
0.4942053905984892   -618.1359325087251   -618.1546674560025   
0.5261405492184771   -619.3095556495748   -619.3235514654392   
0.5601353486141171   -620.3747117025354   -620.3849576566711   
0.5963226242028   -621.3441919689058   -621.3515547676991   
0.6348437785502867   -622.2294483404497   -622.234659388726   
0.6758493339043057   -623.0405249256314   -623.0441782571825   
0.7194995203635086   -623.7860595537453   -623.7886187473557   
0.7659649019800614   -624.4733521556208   -624.4751639859505   
0.8154270432423857   -625.1084901606768   -625.109802492049   
0.8680792185423423   -625.6965155711875   -625.6974970688641   
0.9241271673991178   -626.2416150022289   -626.2423745569592   
0.983789898390867   -626.7473131300978   -626.7479173881713   
1.047300544935491   -627.0986863728453   -627.1474888101517   
1.114907276264534   -627.06137014939   -627.1008330069282   
1.186874267149848   -626.5544820189527   -626.5860230691326   
1.263482730172257   -625.6517986583528   -625.6764633960438   
1.345032014565826   -624.4261918261357   -624.444921829819   
1.431840775931496   -622.9498287572966   -622.9635658657355   
1.524248221390775   -621.2924494707713   -621.3021404352183   
1.622615435044931   -619.5187568330913   -619.5253109726298   
1.72732678891897   -617.4365195831215   -617.478906464992   
1.838791444903672   -614.6470731192644   -614.6732373318874   
1.957444953564571   -611.1631008312706   -611.1784734213111   
2.083750956065262   -607.3120268639274   -607.3205957796749   
2.218202995855312   -602.8985114359732   -602.9437062140271   
2.361326447202024   -597.3694616772761   -597.3919705669684   
2.513680568101799   -590.9128666747548   -590.9234128617056   
2.675860685592911   -583.5526753273161   -583.5989897740444   
2.848500522008846   -574.6837453750785   -574.7027600115573   
3.032274671262096   -564.7468936468648   -564.7541556031874   
3.227901234834524   -554.2345286485162   -554.2601921624334   
3.436144627774515   -542.8818433155351   -542.8902008650671   
3.657818565665391   -530.5707499079289   -530.5957070553048   
3.893789244236729   -517.2423225186843   -517.2491213855972   
4.144978724043006   -503.07145188827235   -503.08824440654325   
4.412368533435248   -487.16963674770784   -487.207079103041   
4.697003503904392   -468.64352969550225   -468.65103357789155   
4.999995852783044   -449.1343797130745   -449.1357175911635   
5.322529529258876   -430.2829831266073   -430.2850817804873   
5.665864840681805   -412.18143448978464   -412.18430657330686   
6.031343377242351   -394.6070369859654   -394.61043936289565   
6.42039325426446   -377.3754749744264   -377.37894006732444   
6.834534692597169   -360.39275903600276   -360.395785837846   
7.27538595891061   -343.6778526053423   -343.6801497730755   
7.744669689108191   -327.3321466258327   -327.3337670138643   
8.244219619563818   -310.87093764078924   -310.8800941153995   
8.775987752486635   -293.71848977018584   -293.7193802107719   
9.342051983412071   -276.57487698232313   -276.5757798095549   
9.944624220623796   -260.1441660221783   -260.1449846533683   
10.544624220623795   -245.41796946958812   -245.41796946958812   
50.0   -51.7568053009066   -51.7568053009066   
