2.054979e-05   0.004862168891652469   2.4045853204184253e-57   
4.242492e-05   1272512.102906763   1.0662527191452682   
6.571088e-05   821457.0116431229   0.7269159886054695   
9.049865e-05   596369.2781027448   0.38889679801650345   
0.0001168851   461667.45929103025   0.047251571144443005   
0.0001449733   372157.68336305366   -0.3007481619133614   
0.0001748731   308470.6568410393   -0.6570161832496524   
0.0002067012   260921.98323301898   -1.0229886780434754   
0.0002405821   224130.92374129375   -1.3998358861135785   
0.0002766481   194869.1536726809   -1.7885410459712148   
0.0003150401   171082.09401002838   -2.18996566804708   
0.0003559083   151399.83134206748   -2.6048807768092956   
0.0003994122   134874.0462835841   -3.033981542335823   
0.0004457218   120827.1936448932   -3.4778990875929594   
0.0004950182   108762.30925890658   -3.9372020603186684   
0.0005474939   98306.67125215419   -4.412413817510242   
0.000603354   89175.16005562214   -4.903986923862249   
0.0006628168   81145.97119927479   -5.412320526505937   
0.0007261146   74043.95842002732   -5.937743594942731   
0.0007934948   67728.95030342245   -6.480511128946091   
0.0008652206   62087.45096304501   -7.04080549581704   
0.0009415723   57026.556517804805   -7.618702960848168   
0.001022848   52469.506202971126   -8.214194229534769   
0.001109366   48352.25933765569   -8.827144775219494   
0.001201464   44621.05402062148   -9.457293309969828   
0.001299501   41230.38836563863   -10.104230325625394   
0.001403862   38141.39610931213   -10.767413157613191   
0.001514953   35320.860190793996   -11.44609630015475   
0.001633209   32740.05858532811   -12.139353093712998   
0.001759091   30374.132769202555   -12.846035038088303   
0.001893093   28201.36751575667   -13.56478231032088   
0.002035737   26202.818811751767   -14.293957139379927   
0.00218758   24361.810709484318   -15.031670317937824   
0.002349217   22663.60494729323   -15.775742735833774   
0.002521278   21095.181452528966   -16.523668234996876   
0.002704436   19644.943969400065   -17.272609104886214   
0.002899407   18302.55592407039   -18.019400512086577   
0.003106953   17058.77287433092   -18.760488692423678   
0.003327884   15905.307645057368   -19.4919782531706   
0.003563064   14834.696707546373   -20.209590754860983   
0.003813411   13840.217405564079   -20.908628321481956   
0.004079905   12915.782752102024   -21.584055202705713   
0.004363586   12055.88971790479   -22.230471538272468   
0.004665563   11255.536217602708   -22.842120631255966   
0.004987016   10510.17391667748   -23.412950237760015   
0.0053292   9815.659947846536   -23.936627003935428   
0.005693454   9168.206400353205   -24.406634565251807   
0.0060812   8564.355643364923   -24.81630987016979   
0.006493954   8000.937277642047   -25.15895486685531   
0.006933327   7475.046926733034   -25.427922704245248   
0.007401038   6984.012144609776   -25.61677536865318   
0.007898914   6525.378361791026   -25.719391735223326   
0.0084289   6096.8848682027065   -25.730155651175664   
0.008993067   5696.446818360796   -25.644110463600555   
0.00959362   5322.139574241856   -25.457161517682835   
0.01023291   4972.182797713792   -25.166286806157586   
0.01091342   4644.939187158092   -24.76968244404634   
0.01163783   4338.875422148956   -24.267092988758122   
0.01240895   4052.5883398701862   -23.65983935220902   
0.01322981   3784.7613238439385   -22.951184569941688   
0.01410361   3534.1804750548486   -22.146311178023552   
0.01503376   3299.7156442326477   -21.252544401049363   
0.01602391   3080.3107855762078   -20.279392842159268   
0.01707791   2874.9901787054664   -19.238481216119   
0.01819989   2682.8380098961456   -18.143560996536053   
0.01939423   2503.0032164352087   -17.010232358788016   
0.0206656   2334.690352909066   -15.855776412016894   
0.02201897   2177.1569239192254   -14.698691829264135   
0.02345962   2029.7103828446247   -13.558220522176725   
0.02499319   1891.7016327384706   -12.45380792273977   
0.02662566   1762.5261930115157   -11.40434393526266   
0.02836341   1641.6179224962184   -10.427481297777376   
0.03021325   1528.4469688477466   -9.538816768643755   
0.03218238   1422.5215581933621   -8.751083131457563   
0.03427852   1323.3798630854803   -8.073438138394977   
0.03650984   1230.5937390746813   -7.510777686081838   
0.03888508   1143.762725335294   -7.063294364448893   
0.0414135   1062.5159230818017   -6.726158193445826   
0.04410499   986.5075371474707   -6.489545184957706   
0.04697006   915.4169746000296   -6.3389192195796795   
0.05001992   848.9460783998978   -6.255664355444765   
0.05326648   786.8184541999298   -6.218023930932873   
0.05672242   728.7769845496058   -6.202344438695377   
0.06040126   674.5816864847008   -6.1845565808129095   
0.06431735   624.0087332673593   -6.141779811277729   
0.06848601   576.8472930043005   -6.053994409873894   
0.07292353   532.8985478476638   -5.905545645808843   
0.07764725   491.9737071302126   -5.686484097081291   
0.08267561   453.8926285067174   -5.393491687699111   
0.08802828   418.48218116410555   -5.030305632345062   
0.09372617   385.5759576770493   -4.607570854600965   
0.09979154   355.0136183478937   -4.142072219524266   
0.1062481   326.6408728482886   -3.655326097161833   
0.1131211   300.3099597499344   -3.1716284044283043   
0.1204373   275.88082480164405   -2.7156709737891447   
0.1282254   253.2209562013685   -2.3099934003409146   
0.1365157   232.20788223991394   -1.9724358340946821   
0.1453408   212.72842573538554   -1.7140263210490616   
0.154735   194.6810703223903   -1.5374775846042041   
0.1647351   177.9744729968025   -1.436685017424395   
0.1753802   162.52775831291933   -1.3972754839822699   
0.1867118   148.26935570929373   -1.398293830624226   
0.1987742   135.13495197171812   -1.4148258787483599   
0.2116146   123.06552890595611   -1.4212204240658082   
0.2252831   112.00520420431927   -1.3944646266595413   
0.2398332   101.89871853802438   -1.3172055588644582   
0.2553216   92.68989273503678   -1.1799442539887934   
0.271809   84.32001962285965   -0.9821001399401581   
0.2893597   76.72782279020976   -0.731754349320795   
0.3080424   69.84957942094744   -0.44414476636289635   
0.32793   63.62051460871247   -0.13911317740750206   
0.3491002   57.97640912317551   0.16208527536073092   
0.3716358   52.85562252364619   0.4401163625774416   
0.3956248   48.201052261384675   0.6804830878584909   
0.4211609   43.96157005697809   0.8754889502093022   
0.448344   40.09281771892538   1.0248598577171677   
0.4772803   36.55727206265519   1.1349105232183803   
0.5080827   33.3234956302525   1.2164319494020788   
0.5408718   30.36478276531308   1.281826748937661   
0.5757756   27.657689380808172   1.3421709505572252   
0.6129305   25.18052342249803   1.4048730326497   
0.6524817   22.912319494666022   1.4724150294702412   
0.6945837   20.832425236411723   1.5423671023314078   
0.739401   18.920747498908458   1.6085765022499423   
0.7871088   17.15854105983178   1.6631884069406127   
0.8378935   15.529465995957528   1.6990026799793725   
0.8919536   14.020540840940805   1.7115973522648886   
0.9495002   12.622692133339232   1.7006960018444186   
1.010758   11.33065809152003   1.670420753588159   
1.075967   10.142218135555346   1.6283704416831597   
1.145382   9.056953717371297   1.5838150556060704   
1.219273   8.074759924867873   1.5455667838406528   
1.29793   7.194439672274111   1.5201492790879332   
1.38166   6.412836468018993   1.5107286572409961   
1.47079   5.724470570610366   1.516962005921025   
1.565668   5.121792237303115   1.5356477330250966   
1.666665   4.595861783478821   1.5618816084599199   
1.774177   4.137230280041   1.5903699894619079   
1.888622   3.736790913911461   1.616587507812158   
2.010448   3.3863556644419384   1.6375467924110567   
2.140131   3.078964493648119   1.6520646494810292   
2.278178   2.8088761801066537   1.6605142506999426   
2.425129   2.571357271187053   1.664174254641202   
2.581557   2.3623874770170796   1.6643709451412576   
2.748073   2.1783812353129512   1.6615962807411826   
2.925329   2.0160087605307684   1.6546563235239022   
3.114017   1.8721337206520317   1.6397812569984884   
3.314875   1.743836028745977   1.610314592504629   
3.528686   1.6284883129943144   1.560263909289055   
3.756288   1.523826522840824   1.491759936076492   
3.998568   1.4279970518896907   1.413641702734877   
4.256474   1.3395490241689263   1.3333704526528145   
4.531013   1.2573926290679978   1.2548498130712147   
4.823259   1.1807285967898726   1.1797370637859201   
5.134353   1.1089737431937348   1.1086107568115986   
5.465511   1.0416919192132297   1.0415682090682181   
5.818027   0.9785416720335859   0.978502726212502   
6.193278   0.9192399421457489   0.9192287006073179   
6.592731   0.8635394895634272   0.8635365360935245   
7.017946   0.8112168241201773   0.8112161229843183   
7.470585   0.7620653168061631   0.7620651675310557   
7.952417   0.7158921861103434   0.7158921578270944   
8.465324   0.6725168549461226   0.6725168502154644   
9.011311   0.6317696780604976   0.6317696773679016   
9.592511   0.5934914273631183   0.5934914272751529   
10.2112   0.5575322239101368   0.5575322239005366   
10.86978   0.5237523707669015   0.5237523707660103   
11.57084   0.49201899297771473   0.4920189929776451   
12.31712   0.4622081334520966   0.46220813345209205   
13.11153   0.43420356317725145   0.43420356317725123   
13.95717   0.40789594485883784   0.40789594485883784   
14.85735   0.38318226633319047   0.38318226633319047   
