6.164936e-05   0.0005969546516887419   8.542803159561648e-72   
0.0001272748   141361.77868438873   0.38230092328740284   
0.0001971326   91244.6093227342   0.3317529842897784   
0.000271496   66234.83045816363   0.27854546473827213   
0.0003506553   51267.97398452141   0.22246837776037864   
0.00043492   41322.43392200711   0.16333501883491408   
0.0005246193   34246.10731907718   0.10096493058517808   
0.0006201037   28962.91690347485   0.0351786270912271   
0.0007217463   24875.02638092761   -0.03420399103561067   
0.0008299443   21623.718979447163   -0.10736503924272256   
0.0009451204   18980.710824590107   -0.18448872898807167   
0.001067725   16793.793801138378   -0.26576237992048846   
0.001198237   14957.592787674943   -0.3513740803427936   
0.001337165   13396.841360566841   -0.44151306889580155   
0.001485055   12056.292498220426   -0.5363715133516962   
0.001642482   10894.557580688148   -0.636137554587549   
0.001810062   9879.948878613119   -0.740999219546211   
0.00198845   8987.820575809319   -0.8511411397757911   
0.002178344   8198.707806939932   -0.9667430426197825   
0.002380484   7497.045037229658   -1.087975503402049   
0.002595662   6870.213234968162   -1.2150022368605278   
0.002824717   6307.895768530097   -1.3479717572736263   
0.003068545   5801.559639704486   -1.4870188196855452   
0.003328098   5344.094904780747   -1.6322586313699503   
0.003604392   4929.5226174468   -1.7837853513728987   
0.003898504   4552.7878611338165   -1.9416625899048086   
0.004211585   4209.576866543273   -2.1059260421452564   
0.004544859   3896.1924057045253   -2.2765733585165435   
0.004899626   3609.448293501025   -2.4535586039960435   
0.005277274   3346.5787550200685   -2.6367883012653692   
0.005679279   3105.1753920330343   -2.8261143034119414   
0.00610721   2883.131349911491   -3.021325084932414   
0.006562741   2678.5927959513547   -3.2221419689153663   
0.00704765   2489.925508840664   -3.428205804641948   
0.007563834   2315.680323326297   -3.639071793891162   
0.008113309   2154.5703661811826   -3.854207459773079   
0.008698222   2005.447755659649   -4.072972262428266   
0.009320858   1867.2858795460056   -4.294615411429277   
0.009983651   1739.1635510291296   -4.5182721182068235   
0.01068919   1620.2526594525505   -4.74295089626753   
0.01144023   1509.8066314974415   -4.967528371614208   
0.01223971   1407.1499006624217   -5.190744109997468   
0.01309076   1311.6706210998998   -5.411198964661935   
0.01399669   1222.8156752597924   -5.627344388197798   
0.01496105   1140.079376502517   -5.837504988688124   
0.0159876   1063.0026746440471   -6.03984973929164   
0.01708036   991.1653297619893   -6.232435490578723   
0.0182436   924.1839070724131   -6.413193916248019   
0.01948186   861.7076053033617   -6.579955972816947   
0.02079998   803.4143921991139   -6.730473324177183   
0.02220311   749.0087090201832   -6.86244847314299   
0.02369674   698.2185811037859   -6.973565352721607   
0.0252867   650.7941303394362   -7.061543179869886   
0.0269792   606.5048831172285   -7.1241570113953685   
0.02878086   565.1379389112063   -7.159302254863974   
0.03069872   526.49679152115   -7.1650916500844914   
0.03274026   490.3999051399336   -7.13985396315411   
0.03491348   456.678526898509   -7.082265701086442   
0.03722685   425.176899937191   -6.991352601777862   
0.03968943   395.7498176189943   -6.8666541166890624   
0.04231082   368.2628224569128   -6.7082130778257465   
0.04510129   342.59022953866014   -6.516667454391438   
0.04807172   318.61537623293697   -6.293299325966302   
0.05123373   296.22904294051864   -6.040101815444245   
0.05459967   275.3292965818612   -5.759777327796655   
0.05818269   255.8207071853113   -5.455735901005454   
0.06199681   237.61375042780114   -5.132085255967439   
0.06605691   220.62465291420494   -4.793596686186561   
0.07037886   204.77461552762674   -4.445601250949636   
0.07497956   189.98959788246992   -4.093866626209433   
0.07987697   176.20011598192832   -3.7444615736191054   
0.08509024   163.34079284155533   -3.403588024818987   
0.09063974   151.35028685982218   -3.0773546653264816   
0.09654715   140.17107640537685   -2.771533617368931   
0.1028356   129.74922955555638   -2.491332721760159   
0.1095295   120.03469364404049   -2.2411548790329334   
0.1166552   110.98033980018852   -2.024369053357006   
0.1242405   102.54278906480553   -1.8430764158730142   
0.132315   94.68190993709317   -1.6979812606877829   
0.1409102   87.36074067282956   -1.5883093495111211   
0.1500598   80.54524494409489   -1.511781168325598   
0.1597994   74.20450328566764   -1.46466616590277   
0.1701673   68.31006264256881   -1.4419772010678713   
0.1812038   62.83625788938525   -1.437717153464149   
0.1929521   57.75949862879322   -1.4452021176502896   
0.205458   53.05823568997645   -1.4574196440675635   
0.2187706   48.71243942922618   -1.4674639551138   
0.2329417   44.70355244196469   -1.4689484405050166   
0.2480268   41.01388361107412   -1.4563712253650323   
0.2640848   37.62645654180923   -1.425407491676708   
0.2811785   34.52464792673337   -1.3731794240671817   
0.2993746   31.691995498516803   -1.298406497045903   
0.3187443   29.11195859973821   -1.2014226696732564   
0.3393632   26.767867623112735   -1.084081487530696   
0.3613118   24.642853534915155   -0.949611124713833   
0.3846761   22.719870804159797   -0.8023653528339061   
0.4095472   20.98187596930887   -0.6474477623762702   
0.4360224   19.411933277215272   -0.490306272305677   
0.4642051   17.993466975905907   -0.3363380618366101   
0.4942054   16.710482825830862   -0.19049425297047762   
0.5261405   15.547808558614857   -0.056897874422233485   
0.5601353   14.491306789253741   0.061432549793948965   
0.5963226   13.528061316592746   0.16271589707386092   
0.6348438   12.646491458252775   0.24641690390432913   
0.6758493   11.836414495404448   0.3131379805503052   
0.7194995   11.089032177447892   0.36438936820483825   
0.7659649   10.396876815766186   0.40228146649773144   
0.815427   9.75369322045683   0.4292104375611512   
0.8680792   9.154291268496769   0.44758188695747414   
0.9241272   8.594387979812097   0.45959705826544806   
0.9837899   8.07044115017771   0.46711863151695443   
1.047301   7.579490170486956   0.471618186994192   
1.114907   7.119043762711264   0.47418678090101896   
1.186874   6.6869281055013685   0.4755847748899784   
1.263483   6.2812436019380025   0.4763103949200955   
1.345032   5.900289772811671   0.476670580689202   
1.431841   5.542503612596603   0.4768429535606691   
1.524248   5.206454657524561   0.4769238718107234   
1.622615   4.8908052234777495   0.4769622604897057   
1.727327   4.594308079756884   0.4769813856804461   
1.838791   4.31580245307112   0.47699167567186684   
1.957445   4.05418803484618   0.4769976280213344   
2.083751   3.8084419976369346   0.477001206197436   
2.218203   3.577599393287232   0.4770033539575427   
2.361326   3.3607557573544478   0.4770046031141866   
2.513681   3.157058912061178   0.4770052941733458   
2.675861   2.96571403182986   0.4770056539174412   
2.848501   2.7859699783910856   0.4770058289836778   
3.032275   2.617123494259939   0.4770059082613982   
3.227901   2.4585134649111593   0.477005941498156   
3.436145   2.3095177945501755   0.477005954245455   
3.657819   2.1695545842096275   0.4770059585693369   
3.893789   2.038076007306666   0.47700595978139315   
4.144979   1.9145664902721864   0.47700596009793617   
4.412369   1.7985435607333558   0.47700596033252585   
4.697004   1.689553129332521   0.47700596060450784   
4.999996   1.587168821382277   0.47700596073582746   
5.32253   1.490989756152006   0.477005960600527   
5.665865   1.4006400880495762   0.477005960337219   
6.031343   1.3157662556406966   0.4770059602473651   
6.420393   1.2360361018839188   0.4770059604536032   
6.834535   1.161137879028183   0.4770059607084477   
7.275386   1.0907788821330466   0.4770059606627264   
7.74467   1.024683729398916   0.4770059603432557   
8.24422   0.9625940678306787   0.47700596018626706   
8.775988   0.9042670968219686   0.47700596044255056   
9.342052   0.8494747312092366   0.47700596073002044   
9.944624   0.7980027227104549   0.47700596053312383   
10.58606   0.7496497224587858   0.47700596007481433   
11.26886   0.7042271224107948   0.47700596010326435   
11.9957   0.6615567876267141   0.4770059606172131   
12.76942   0.6214719744052649   0.47700596059443323   
13.59304   0.5838161703876812   0.4770059596442937   
14.46978   0.5484420945750361   0.4770059590934369   
15.40306   0.515211675049328   0.4770059601129541   
16.39653   0.4839948593581802   0.4770059590410493   
17.45408   0.45466940190185534   0.45466939803295825   
18.57983   0.42712102294897875   0.4271210211519856   
19.77819   0.40124176564658615   0.4012417654129592   
21.05384   0.37693056251892243   0.3769305624208922   
22.41175   0.354092635696792   0.3540926351362168   
23.85725   0.3326383176572845   0.3326383171336784   
25.39597   0.3124840431322601   0.3124840430040851   
27.03393   0.2935509289921694   0.2935509289799897   
28.77753   0.2757649855534671   0.2757649853351679   
30.63359   0.2590566444473512   0.25905664407105644   
32.60935   0.2433607215965743   0.24336072127085073   
34.71253   0.22861585986724461   0.22861585968577006   
36.95136   0.21476435153571558   0.21476435146486672   
39.33458   0.20175211885416205   0.20175211883406946   
41.8715   0.1895283153567643   0.1895283153525611   
44.57204   0.17804513447972292   0.1780451344790713   
47.44675   0.1672577121874064   0.16725771218733165   
50.50687   0.1571238695986044   0.1571238695985981   
53.76434   0.14760405978595062   0.14760405978595023   
57.23191   0.13866101717926158   0.13866101717926155   
