  0.6164936E-04  0.4325487E+04
  0.1272748E-03  0.4261417E+04
  0.1971326E-03  0.4218721E+04
  0.2714960E-03  0.4184165E+04
  0.3506553E-03  0.4153807E+04
  0.4349200E-03  0.4125804E+04
  0.5246193E-03  0.4099164E+04
  0.6201037E-03  0.4073282E+04
  0.7217463E-03  0.4047749E+04
  0.8299443E-03  0.4022271E+04
  0.9451204E-03  0.3996623E+04
  0.1067725E-02  0.3970628E+04
  0.1198237E-02  0.3944134E+04
  0.1337165E-02  0.3917013E+04
  0.1485055E-02  0.3889148E+04
  0.1642482E-02  0.3860435E+04
  0.1810062E-02  0.3830774E+04
  0.1988450E-02  0.3800072E+04
  0.2178344E-02  0.3768239E+04
  0.2380484E-02  0.3735188E+04
  0.2595662E-02  0.3700834E+04
  0.2824717E-02  0.3665093E+04
  0.3068545E-02  0.3627882E+04
  0.3328098E-02  0.3589120E+04
  0.3604392E-02  0.3548727E+04
  0.3898504E-02  0.3506623E+04
  0.4211585E-02  0.3462731E+04
  0.4544859E-02  0.3416975E+04
  0.4899626E-02  0.3369282E+04
  0.5277274E-02  0.3319580E+04
  0.5679279E-02  0.3267802E+04
  0.6107210E-02  0.3213885E+04
  0.6562741E-02  0.3157771E+04
  0.7047650E-02  0.3099407E+04
  0.7563834E-02  0.3038745E+04
  0.8113309E-02  0.2975751E+04
  0.8698222E-02  0.2910395E+04
  0.9320858E-02  0.2842658E+04
  0.9983651E-02  0.2772535E+04
  0.1068919E-01  0.2700034E+04
  0.1144023E-01  0.2625178E+04
  0.1223971E-01  0.2548005E+04
  0.1309076E-01  0.2468572E+04
  0.1399669E-01  0.2386957E+04
  0.1496105E-01  0.2303260E+04
  0.1598760E-01  0.2217600E+04
  0.1708036E-01  0.2130124E+04
  0.1824360E-01  0.2041003E+04
  0.1948186E-01  0.1950435E+04
  0.2079998E-01  0.1858644E+04
  0.2220311E-01  0.1765882E+04
  0.2369674E-01  0.1672427E+04
  0.2528670E-01  0.1578587E+04
  0.2697920E-01  0.1484691E+04
  0.2878086E-01  0.1391090E+04
  0.3069872E-01  0.1298162E+04
  0.3274026E-01  0.1206296E+04
  0.3491348E-01  0.1115897E+04
  0.3722685E-01  0.1027373E+04
  0.3968943E-01  0.9411400E+03
  0.4231082E-01  0.8576061E+03
  0.4510129E-01  0.7771662E+03
  0.4807172E-01  0.7001961E+03
  0.5123373E-01  0.6270452E+03
  0.5459967E-01  0.5580264E+03
  0.5818269E-01  0.4934076E+03
  0.6199681E-01  0.4334055E+03
  0.6605691E-01  0.3781808E+03
  0.7037886E-01  0.3278302E+03
  0.7497956E-01  0.2823825E+03
  0.7987697E-01  0.2417978E+03
  0.8509024E-01  0.2059679E+03
  0.9063974E-01  0.1747176E+03
  0.9654715E-01  0.1478087E+03
  0.1028356E+00  0.1249477E+03
  0.1095295E+00  0.1057952E+03
  0.1166552E+00  0.8997575E+02
  0.1242405E+00  0.7708950E+02
  0.1323150E+00  0.6672572E+02
  0.1409102E+00  0.5847602E+02
  0.1500598E+00  0.5194625E+02
  0.1597994E+00  0.4676759E+02
  0.1701673E+00  0.4260673E+02
  0.1812038E+00  0.3917340E+02
  0.1929521E+00  0.3622486E+02
  0.2054580E+00  0.3356784E+02
  0.2187706E+00  0.3105855E+02
  0.2329417E+00  0.2860001E+02
  0.2480268E+00  0.2613675E+02
  0.2640848E+00  0.2364813E+02
  0.2811785E+00  0.2114139E+02
  0.2993746E+00  0.1864391E+02
  0.3187443E+00  0.1619524E+02
  0.3393632E+00  0.1383990E+02
  0.3613118E+00  0.1162170E+02
  0.3846761E+00  0.9579114E+01
  0.4095472E+00  0.7741670E+01
  0.4360224E+00  0.6128000E+01
  0.4642051E+00  0.4745503E+01
  0.4942054E+00  0.3590983E+01
  0.5261405E+00  0.2651971E+01
  0.5601353E+00  0.1908800E+01
  0.5963226E+00  0.1337091E+01
  0.6348438E+00  0.9101503E+00
  0.6758493E+00  0.6010633E+00
  0.7194995E+00  0.3844460E+00
  0.7659649E+00  0.2377269E+00
  0.8154270E+00  0.1418607E+00
  0.8680792E+00  0.8154681E-01
  0.9241272E+00  0.4507834E-01
  0.9837899E+00  0.2392944E-01
  0.1047301E+01  0.1218987E-01
  0.1114907E+01  0.5962914E-02
  0.1186874E+01  0.2809872E-02
  0.1263483E+01  0.1285244E-02
  0.1345032E+01  0.5789973E-03
  0.1431841E+01  0.2628409E-03
  0.1524248E+01  0.1235813E-03
  0.1622615E+01  0.6139753E-04
  0.1727327E+01  0.3220772E-04
  0.1838791E+01  0.1745537E-04
  0.1957445E+01  0.9488089E-05
  0.2083751E+01  0.5041859E-05
  0.2218203E+01  0.2572762E-05
  0.2361326E+01  0.1246198E-05
  0.2513681E+01  0.5686372E-06
  0.2675861E+01  0.2430565E-06
  0.2848501E+01  0.9683426E-07
  0.3032275E+01  0.3574749E-07
  0.3227901E+01  0.1213461E-07
  0.3436145E+01  0.3786587E-08
  0.3657819E+01  0.1167863E-08
  0.3893789E+01  0.4748667E-09
  0.4144979E+01  0.2924492E-09
  0.4412369E+01  0.1701640E-09
  0.4697004E+01  0.5115440E-10
  0.4999996E+01  0.4298707E-12
  0.5322530E+01  0.4406237E-10
  0.5665865E+01  0.1175493E-09
  0.6031343E+01  0.1307373E-09
  0.6420393E+01  0.6848122E-10
  0.6834535E+01  0.6227316E-11
  0.7275386E+01  0.1451945E-10
  0.7744670E+01  0.6864962E-10
  0.8244220E+01  0.8513222E-10
  0.8775988E+01  0.4005154E-10
  0.9342052E+01  0.8327202E-12
  0.9944624E+01  0.2083584E-10
  0.1058606E+02  0.5747174E-10
  0.1126886E+02  0.4583922E-10
  0.1199570E+02  0.7039389E-11
  0.1276942E+02  0.6557951E-11
  0.1359304E+02  0.3715214E-10
  0.1446978E+02  0.3737370E-10
  0.1540306E+02  0.7589718E-11
  0.1639653E+02  0.3772971E-11
  0.1745408E+02  0.2750766E-10
  0.1857983E+02  0.2853422E-10
  0.1977819E+02  0.5634262E-11
  0.2105384E+02  0.3122753E-11
  0.2241175E+02  0.2193224E-10
  0.2385725E+02  0.2406161E-10
  0.2539597E+02  0.6712389E-11
  0.2703393E+02  0.7112398E-12
  0.2877753E+02  0.1398359E-10
  0.3063359E+02  0.2610561E-10
  0.3260935E+02  0.2422458E-10
  0.3471253E+02  0.1434829E-10
  0.3695136E+02  0.5914045E-11
  0.3933458E+02  0.1760434E-11
  0.4187150E+02  0.3846216E-12
  0.4457204E+02  0.6200812E-13
  0.4744675E+02  0.7368290E-14
  0.5050687E+02  0.6417139E-15
  0.5376434E+02  0.4057660E-16
  0.5723191E+02  0.1837683E-17
