  0.1585269E-03  0.2143547E+03
  0.3272780E-03  0.2134448E+03
  0.5069125E-03  0.2126665E+03
  0.6981325E-03  0.2119211E+03
  0.9016851E-03  0.2111775E+03
  0.1118366E-02  0.2104199E+03
  0.1349021E-02  0.2096392E+03
  0.1594552E-02  0.2088292E+03
  0.1855919E-02  0.2079848E+03
  0.2134142E-02  0.2071013E+03
  0.2430310E-02  0.2061751E+03
  0.2745578E-02  0.2052026E+03
  0.3081180E-02  0.2041803E+03
  0.3438426E-02  0.2031045E+03
  0.3818712E-02  0.2019718E+03
  0.4223525E-02  0.2007789E+03
  0.4654445E-02  0.1995223E+03
  0.5113158E-02  0.1981980E+03
  0.5601456E-02  0.1968026E+03
  0.6121245E-02  0.1953325E+03
  0.6674559E-02  0.1937839E+03
  0.7263558E-02  0.1921527E+03
  0.7890544E-02  0.1904350E+03
  0.8557967E-02  0.1886272E+03
  0.9268435E-02  0.1867251E+03
  0.1002473E-01  0.1847247E+03
  0.1082979E-01  0.1826220E+03
  0.1168678E-01  0.1804133E+03
  0.1259904E-01  0.1780946E+03
  0.1357013E-01  0.1756620E+03
  0.1460386E-01  0.1731118E+03
  0.1570425E-01  0.1704410E+03
  0.1687562E-01  0.1676461E+03
  0.1812253E-01  0.1647240E+03
  0.1944986E-01  0.1616721E+03
  0.2086279E-01  0.1584886E+03
  0.2236686E-01  0.1551715E+03
  0.2396792E-01  0.1517194E+03
  0.2567225E-01  0.1481318E+03
  0.2748649E-01  0.1444091E+03
  0.2941774E-01  0.1405521E+03
  0.3147355E-01  0.1365623E+03
  0.3366195E-01  0.1324425E+03
  0.3599149E-01  0.1281969E+03
  0.3847126E-01  0.1238302E+03
  0.4111097E-01  0.1193482E+03
  0.4392093E-01  0.1147586E+03
  0.4691211E-01  0.1100704E+03
  0.5009621E-01  0.1052938E+03
  0.5348567E-01  0.1004401E+03
  0.5709372E-01  0.9552257E+02
  0.6093448E-01  0.9055621E+02
  0.6502294E-01  0.8555697E+02
  0.6937509E-01  0.8054191E+02
  0.7400793E-01  0.7552983E+02
  0.7893955E-01  0.7054098E+02
  0.8418924E-01  0.6559604E+02
  0.8977751E-01  0.6071621E+02
  0.9572619E-01  0.5592363E+02
  0.1020585E+00  0.5124088E+02
  0.1087993E+00  0.4668993E+02
  0.1159747E+00  0.4229199E+02
  0.1236130E+00  0.3806781E+02
  0.1317439E+00  0.3403702E+02
  0.1403991E+00  0.3021710E+02
  0.1496126E+00  0.2662321E+02
  0.1594204E+00  0.2326837E+02
  0.1698606E+00  0.2016292E+02
  0.1809742E+00  0.1731371E+02
  0.1928046E+00  0.1472413E+02
  0.2053979E+00  0.1239439E+02
  0.2188035E+00  0.1032130E+02
  0.2330736E+00  0.8498030E+01
  0.2482641E+00  0.6914446E+01
  0.2644343E+00  0.5557659E+01
  0.2816474E+00  0.4412290E+01
  0.2999706E+00  0.3460745E+01
  0.3194755E+00  0.2683860E+01
  0.3402385E+00  0.2061616E+01
  0.3623405E+00  0.1573655E+01
  0.3858680E+00  0.1199767E+01
  0.4109129E+00  0.9204893E+00
  0.4375730E+00  0.7176386E+00
  0.4659525E+00  0.5746579E+00
  0.4961624E+00  0.4768691E+00
  0.5283207E+00  0.4116731E+00
  0.5625530E+00  0.3686421E+00
  0.5989930E+00  0.3394743E+00
  0.6377833E+00  0.3178550E+00
  0.6790753E+00  0.2992739E+00
  0.7230304E+00  0.2807993E+00
  0.7698204E+00  0.2608008E+00
  0.8196281E+00  0.2386533E+00
  0.8726481E+00  0.2144684E+00
  0.9290876E+00  0.1888551E+00
  0.9891671E+00  0.1626925E+00
  0.1053121E+01  0.1369348E+00
  0.1121200E+01  0.1124758E+00
  0.1193670E+01  0.9006042E-01
  0.1270814E+01  0.7022265E-01
  0.1352933E+01  0.5325784E-01
  0.1440348E+01  0.3923672E-01
  0.1533401E+01  0.2804298E-01
  0.1632455E+01  0.1941676E-01
  0.1737898E+01  0.1300426E-01
  0.1850142E+01  0.8410522E-02
  0.1969624E+01  0.5243908E-02
  0.2096812E+01  0.3146744E-02
  0.2232204E+01  0.1814270E-02
  0.2376327E+01  0.1003324E-02
  0.2529745E+01  0.5314580E-03
  0.2693059E+01  0.2694067E-03
  0.2866904E+01  0.1306797E-03
  0.3051962E+01  0.6072557E-04
  0.3248956E+01  0.2712704E-04
  0.3458654E+01  0.1173035E-04
  0.3681876E+01  0.4965559E-05
  0.3919495E+01  0.2089306E-05
  0.4172440E+01  0.8882931E-06
  0.4441697E+01  0.3859497E-06
  0.4728321E+01  0.1713047E-06
  0.5033430E+01  0.7669370E-07
  0.5358217E+01  0.3396756E-07
  0.5703951E+01  0.1459286E-07
  0.6071982E+01  0.5981819E-08
  0.6463750E+01  0.2309927E-08
  0.6880785E+01  0.8320304E-09
  0.7324716E+01  0.2772948E-09
  0.7797278E+01  0.8489830E-10
  0.8300317E+01  0.2371761E-10
  0.8835800E+01  0.6005610E-11
  0.9405819E+01  0.1369196E-11
  0.1001260E+02  0.2792494E-12
  0.1065852E+02  0.5063542E-13
  0.1134609E+02  0.8123307E-14
  0.1207801E+02  0.1227956E-14
  0.1285713E+02  0.3231866E-15
  0.1368650E+02  0.2002877E-15
  0.1456937E+02  0.8501111E-16
  0.1550917E+02  0.2889874E-17
  0.1650958E+02  0.3514069E-16
  0.1757452E+02  0.1114697E-15
  0.1870814E+02  0.1061084E-15
  0.1991486E+02  0.2889328E-16
  0.2119942E+02  0.3196151E-17
  0.2256683E+02  0.5751709E-16
  0.2402242E+02  0.8165732E-16
  0.2557189E+02  0.2986212E-16
  0.2722129E+02  0.9612926E-18
  0.2897708E+02  0.4124202E-16
  0.3084610E+02  0.5710987E-16
  0.3283566E+02  0.1443224E-16
  0.3495353E+02  0.4930546E-17
  0.3720800E+02  0.4014903E-16
  0.3960787E+02  0.3299977E-16
  0.4216251E+02  0.1122793E-17
  0.4488192E+02  0.1685401E-16
  0.4777672E+02  0.3442894E-16
  0.5085821E+02  0.9374171E-17
  0.5413844E+02  0.3678501E-17
  0.5763023E+02  0.2624848E-16
  0.6134722E+02  0.1782525E-16
  0.6530393E+02  0.3557198E-19
  0.6951583E+02  0.1413798E-16
  0.7399937E+02  0.2344733E-16
  0.7877208E+02  0.6995952E-17

