  0.1008808E-03  0.8747276E+03
  0.2082678E-03  0.8685911E+03
  0.3225807E-03  0.8639753E+03
  0.4442661E-03  0.8598873E+03
  0.5737996E-03  0.8560264E+03
  0.7116872E-03  0.8522488E+03
  0.8584679E-03  0.8484746E+03
  0.1014715E-02  0.8446519E+03
  0.1181039E-02  0.8407440E+03
  0.1358091E-02  0.8367222E+03
  0.1546561E-02  0.8325630E+03
  0.1747186E-02  0.8282459E+03
  0.1960751E-02  0.8237524E+03
  0.2188089E-02  0.8190650E+03
  0.2430089E-02  0.8141673E+03
  0.2687697E-02  0.8090432E+03
  0.2961920E-02  0.8036766E+03
  0.3253828E-02  0.7980520E+03
  0.3564563E-02  0.7921535E+03
  0.3895338E-02  0.7859653E+03
  0.4247446E-02  0.7794714E+03
  0.4622264E-02  0.7726560E+03
  0.5021255E-02  0.7655027E+03
  0.5445979E-02  0.7579956E+03
  0.5898095E-02  0.7501183E+03
  0.6379371E-02  0.7418547E+03
  0.6891685E-02  0.7331889E+03
  0.7437042E-02  0.7241048E+03
  0.8017570E-02  0.7145872E+03
  0.8635540E-02  0.7046208E+03
  0.9293365E-02  0.6941912E+03
  0.9993617E-02  0.6832848E+03
  0.1073903E-01  0.6718886E+03
  0.1153252E-01  0.6599913E+03
  0.1237718E-01  0.6475824E+03
  0.1327632E-01  0.6346536E+03
  0.1423345E-01  0.6211980E+03
  0.1525231E-01  0.6072112E+03
  0.1633688E-01  0.5926913E+03
  0.1749140E-01  0.5776392E+03
  0.1872038E-01  0.5620588E+03
  0.2002862E-01  0.5459578E+03
  0.2142124E-01  0.5293477E+03
  0.2290367E-01  0.5122440E+03
  0.2448171E-01  0.4946672E+03
  0.2616153E-01  0.4766424E+03
  0.2794968E-01  0.4582000E+03
  0.2985316E-01  0.4393759E+03
  0.3187941E-01  0.4202117E+03
  0.3403633E-01  0.4007547E+03
  0.3633237E-01  0.3810585E+03
  0.3877649E-01  0.3611821E+03
  0.4137824E-01  0.3411905E+03
  0.4414778E-01  0.3211543E+03
  0.4709595E-01  0.3011489E+03
  0.5023426E-01  0.2812545E+03
  0.5357497E-01  0.2615549E+03
  0.5713114E-01  0.2421368E+03
  0.6091667E-01  0.2230889E+03
  0.6494633E-01  0.2045003E+03
  0.6923589E-01  0.1864594E+03
  0.7380211E-01  0.1690522E+03
  0.7866281E-01  0.1523609E+03
  0.8383701E-01  0.1364620E+03
  0.8934491E-01  0.1214246E+03
  0.9520805E-01  0.1073089E+03
  0.1014493E+00  0.9416447E+02
  0.1080931E+00  0.8202899E+02
  0.1151654E+00  0.7092701E+02
  0.1226938E+00  0.6086914E+02
  0.1307078E+00  0.5185163E+02
  0.1392386E+00  0.4385624E+02
  0.1483196E+00  0.3685072E+02
  0.1579862E+00  0.3078964E+02
  0.1682764E+00  0.2561572E+02
  0.1792301E+00  0.2126157E+02
  0.1908904E+00  0.1765181E+02
  0.2033026E+00  0.1470544E+02
  0.2165154E+00  0.1233837E+02
  0.2305803E+00  0.1046597E+02
  0.2455524E+00  0.9005639E+01
  0.2614900E+00  0.7879001E+01
  0.2784555E+00  0.7013916E+01
  0.2965153E+00  0.6346008E+01
  0.3157397E+00  0.5819735E+01
  0.3362041E+00  0.5388963E+01
  0.3579883E+00  0.5017041E+01
  0.3811774E+00  0.4676435E+01
  0.4058621E+00  0.4347974E+01
  0.4321388E+00  0.4019818E+01
  0.4601103E+00  0.3686225E+01
  0.4898857E+00  0.3346240E+01
  0.5215815E+00  0.3002385E+01
  0.5553215E+00  0.2659429E+01
  0.5912376E+00  0.2323302E+01
  0.6294700E+00  0.2000190E+01
  0.6701682E+00  0.1695831E+01
  0.7134912E+00  0.1415014E+01
  0.7596083E+00  0.1161280E+01
  0.8086997E+00  0.9367843E+00
  0.8609573E+00  0.7423118E+00
  0.9165851E+00  0.5774022E+00
  0.9758007E+00  0.4405503E+00
  0.1038835E+01  0.3294523E+00
  0.1105935E+01  0.2412672E+00
  0.1177363E+01  0.1728680E+00
  0.1253397E+01  0.1210650E+00
  0.1334335E+01  0.8278802E-01
  0.1420493E+01  0.5522174E-01
  0.1512208E+01  0.3589272E-01
  0.1609838E+01  0.2271263E-01
  0.1713765E+01  0.1398396E-01
  0.1824394E+01  0.8377209E-02
  0.1942158E+01  0.4888941E-02
  0.2067517E+01  0.2789603E-02
  0.2200961E+01  0.1568601E-02
  0.2343012E+01  0.8823134E-03
  0.2494224E+01  0.5086927E-03
  0.2655189E+01  0.3102160E-03
  0.2826535E+01  0.2054530E-03
  0.3008931E+01  0.1484700E-03
  0.3203092E+01  0.1147173E-03
  0.3409774E+01  0.9187634E-04
  0.3629787E+01  0.7423766E-04
  0.3863989E+01  0.5943269E-04
  0.4113295E+01  0.4663900E-04
  0.4378681E+01  0.3565374E-04
  0.4661183E+01  0.2645049E-04
  0.4961904E+01  0.1899140E-04
  0.5282020E+01  0.1316705E-04
  0.5622782E+01  0.8796090E-05
  0.5985521E+01  0.5649401E-05
  0.6371655E+01  0.3480294E-05
  0.6782692E+01  0.2051406E-05
  0.7220239E+01  0.1153864E-05
  0.7686006E+01  0.6175718E-06
  0.8181811E+01  0.3135637E-06
  0.8709594E+01  0.1505404E-06
  0.9271415E+01  0.6810139E-07
  0.9869471E+01  0.2892132E-07
  0.1050610E+02  0.1148457E-07
  0.1118378E+02  0.4246248E-08
  0.1190518E+02  0.1455219E-08
  0.1267310E+02  0.4600360E-09
  0.1349054E+02  0.1334648E-09
  0.1436071E+02  0.3534086E-10
  0.1528699E+02  0.8491655E-11
  0.1627302E+02  0.1839991E-11
  0.1732264E+02  0.3571689E-12
  0.1843996E+02  0.6167426E-13
  0.1962933E+02  0.9402435E-14
  0.2089542E+02  0.1255438E-14
  0.2224316E+02  0.1455594E-15
  0.2367782E+02  0.1451960E-16
  0.2520501E+02  0.1233787E-17
