  0.2054979E-04  0.3511646E+06
  0.4242492E-04  0.3115568E+06
  0.6571088E-04  0.2896170E+06
  0.9049865E-04  0.2742558E+06
  0.1168851E-03  0.2623832E+06
  0.1449733E-03  0.2526274E+06
  0.1748731E-03  0.2442852E+06
  0.2067012E-03  0.2369462E+06
  0.2405821E-03  0.2303510E+06
  0.2766481E-03  0.2243253E+06
  0.3150401E-03  0.2187464E+06
  0.3559083E-03  0.2135248E+06
  0.3994122E-03  0.2085929E+06
  0.4457218E-03  0.2038983E+06
  0.4950182E-03  0.1993999E+06
  0.5474939E-03  0.1950644E+06
  0.6033540E-03  0.1908647E+06
  0.6628168E-03  0.1867780E+06
  0.7261146E-03  0.1827854E+06
  0.7934948E-03  0.1788707E+06
  0.8652206E-03  0.1750199E+06
  0.9415723E-03  0.1712209E+06
  0.1022848E-02  0.1674633E+06
  0.1109366E-02  0.1637376E+06
  0.1201464E-02  0.1600357E+06
  0.1299501E-02  0.1563503E+06
  0.1403862E-02  0.1526749E+06
  0.1514953E-02  0.1490037E+06
  0.1633209E-02  0.1453317E+06
  0.1759091E-02  0.1416543E+06
  0.1893093E-02  0.1379675E+06
  0.2035737E-02  0.1342681E+06
  0.2187580E-02  0.1305531E+06
  0.2349217E-02  0.1268202E+06
  0.2521278E-02  0.1230675E+06
  0.2704436E-02  0.1192937E+06
  0.2899407E-02  0.1154981E+06
  0.3106953E-02  0.1116805E+06
  0.3327884E-02  0.1078412E+06
  0.3563064E-02  0.1039812E+06
  0.3813411E-02  0.1001022E+06
  0.4079905E-02  0.9620638E+05
  0.4363586E-02  0.9229670E+05
  0.4665563E-02  0.8837681E+05
  0.4987016E-02  0.8445107E+05
  0.5329200E-02  0.8052459E+05
  0.5693454E-02  0.7660323E+05
  0.6081200E-02  0.7269361E+05
  0.6493954E-02  0.6880309E+05
  0.6933327E-02  0.6493976E+05
  0.7401038E-02  0.6111242E+05
  0.7898914E-02  0.5733052E+05
  0.8428900E-02  0.5360409E+05
  0.8993067E-02  0.4994370E+05
  0.9593620E-02  0.4636031E+05
  0.1023291E-01  0.4286519E+05
  0.1091342E-01  0.3946974E+05
  0.1163783E-01  0.3618536E+05
  0.1240895E-01  0.3302325E+05
  0.1322981E-01  0.2999422E+05
  0.1410361E-01  0.2710845E+05
  0.1503376E-01  0.2437531E+05
  0.1602391E-01  0.2180308E+05
  0.1707791E-01  0.1939874E+05
  0.1819989E-01  0.1716777E+05
  0.1939423E-01  0.1511391E+05
  0.2066560E-01  0.1323901E+05
  0.2201897E-01  0.1154289E+05
  0.2345962E-01  0.1002326E+05
  0.2499319E-01  0.8675669E+04
  0.2662566E-01  0.7493545E+04
  0.2836341E-01  0.6468303E+04
  0.3021325E-01  0.5589513E+04
  0.3218238E-01  0.4845147E+04
  0.3427852E-01  0.4221893E+04
  0.3650984E-01  0.3705522E+04
  0.3888508E-01  0.3281304E+04
  0.4141350E-01  0.2934449E+04
  0.4410499E-01  0.2650553E+04
  0.4697006E-01  0.2416031E+04
  0.5001992E-01  0.2218509E+04
  0.5326648E-01  0.2047151E+04
  0.5672242E-01  0.1892914E+04
  0.6040126E-01  0.1748692E+04
  0.6431735E-01  0.1609371E+04
  0.6848601E-01  0.1471759E+04
  0.7292353E-01  0.1334425E+04
  0.7764725E-01  0.1197441E+04
  0.8267561E-01  0.1062060E+04
  0.8802828E-01  0.9303413E+03
  0.9372617E-01  0.8047623E+03
  0.9979154E-01  0.6878472E+03
  0.1062481E+00  0.5818335E+03
  0.1131211E+00  0.4884083E+03
  0.1204373E+00  0.4085300E+03
  0.1282254E+00  0.3423477E+03
  0.1365157E+00  0.2892163E+03
  0.1453408E+00  0.2478013E+03
  0.1547350E+00  0.2162528E+03
  0.1647351E+00  0.1924244E+03
  0.1753802E+00  0.1741061E+03
  0.1867118E+00  0.1592437E+03
  0.1987742E+00  0.1461150E+03
  0.2116146E+00  0.1334478E+03
  0.2252831E+00  0.1204668E+03
  0.2398332E+00  0.1068737E+03
  0.2553216E+00  0.9277024E+02
  0.2718090E+00  0.7854284E+02
  0.2893597E+00  0.6472986E+02
  0.3080424E+00  0.5189390E+02
  0.3279300E+00  0.4051586E+02
  0.3491002E+00  0.3092267E+02
  0.3716358E+00  0.2325340E+02
  0.3956248E+00  0.1746157E+02
  0.4211609E+00  0.1334671E+02
  0.4483440E+00  0.1060441E+02
  0.4772803E+00  0.8883279E+01
  0.5080827E+00  0.7838074E+01
  0.5408718E+00  0.7170990E+01
  0.5757756E+00  0.6656529E+01
  0.6129305E+00  0.6149424E+01
  0.6524817E+00  0.5578222E+01
  0.6945837E+00  0.4929266E+01
  0.7394010E+00  0.4226469E+01
  0.7871088E+00  0.3511645E+01
  0.8378935E+00  0.2828698E+01
  0.8919536E+00  0.2213231E+01
  0.9495002E+00  0.1687564E+01
  0.1010758E+01  0.1260138E+01
  0.1075967E+01  0.9277978E+00
  0.1145382E+01  0.6794396E+00
  0.1219273E+01  0.4998404E+00
  0.1297930E+01  0.3728894E+00
  0.1381660E+01  0.2838593E+00
  0.1470790E+01  0.2206723E+00
  0.1565668E+01  0.1743159E+00
  0.1666665E+01  0.1386563E+00
  0.1774177E+01  0.1099084E+00
  0.1888622E+01  0.8598220E-01
  0.2010448E+01  0.6585911E-01
  0.2140131E+01  0.4908887E-01
  0.2278178E+01  0.3543907E-01
  0.2425129E+01  0.2469105E-01
  0.2581557E+01  0.1655269E-01
  0.2748073E+01  0.1064993E-01
  0.2925329E+01  0.6560383E-02
  0.3114017E+01  0.3860058E-02
  0.3314875E+01  0.2164278E-02
  0.3528686E+01  0.1153591E-02
  0.3756288E+01  0.5831862E-03
  0.3998568E+01  0.2790797E-03
  0.4256474E+01  0.1262986E-03
  0.4531013E+01  0.5413251E-04
  0.4823259E+01  0.2212381E-04
  0.5134353E+01  0.8770810E-05
  0.5465511E+01  0.3485877E-05
  0.5818027E+01  0.1454081E-05
  0.6193278E+01  0.6588643E-06
  0.6592731E+01  0.3218112E-06
  0.7017946E+01  0.1620886E-06
  0.7470585E+01  0.8023147E-07
  0.7952417E+01  0.3774922E-07
  0.8465324E+01  0.1656399E-07
  0.9011311E+01  0.6706196E-08
  0.9592511E+01  0.2488238E-08
  0.1021120E+02  0.8415712E-09
  0.1086978E+02  0.2581516E-09
  0.1157084E+02  0.7144103E-10
  0.1231712E+02  0.1773472E-10
  0.1311153E+02  0.3924613E-11
  0.1395717E+02  0.7689946E-12
  0.1485735E+02  0.1324404E-12
  0.1581558E+02  0.1989110E-13
  0.1683562E+02  0.2583131E-14
  0.1792145E+02  0.2874210E-15
  0.1907730E+02  0.2712993E-16
  0.2030770E+02  0.2151973E-17
  0.2161746E+02  0.1399748E-18
