  0.2054979E-04  0.3512511E+06
  0.4242492E-04  0.3116339E+06
  0.6571088E-04  0.2896872E+06
  0.9049865E-04  0.2743222E+06
  0.1168851E-03  0.2624475E+06
  0.1449733E-03  0.2526897E+06
  0.1748731E-03  0.2443454E+06
  0.2067012E-03  0.2370047E+06
  0.2405821E-03  0.2304082E+06
  0.2766481E-03  0.2243813E+06
  0.3150401E-03  0.2188011E+06
  0.3559083E-03  0.2135783E+06
  0.3994122E-03  0.2086454E+06
  0.4457218E-03  0.2039498E+06
  0.4950182E-03  0.1994504E+06
  0.5474939E-03  0.1951139E+06
  0.6033540E-03  0.1909133E+06
  0.6628168E-03  0.1868258E+06
  0.7261146E-03  0.1828322E+06
  0.7934948E-03  0.1789166E+06
  0.8652206E-03  0.1750650E+06
  0.9415723E-03  0.1712653E+06
  0.1022848E-02  0.1675068E+06
  0.1109366E-02  0.1637803E+06
  0.1201464E-02  0.1600776E+06
  0.1299501E-02  0.1563915E+06
  0.1403862E-02  0.1527152E+06
  0.1514953E-02  0.1490432E+06
  0.1633209E-02  0.1453704E+06
  0.1759091E-02  0.1416923E+06
  0.1893093E-02  0.1380047E+06
  0.2035737E-02  0.1343045E+06
  0.2187580E-02  0.1305888E+06
  0.2349217E-02  0.1268551E+06
  0.2521278E-02  0.1231016E+06
  0.2704436E-02  0.1193270E+06
  0.2899407E-02  0.1155306E+06
  0.3106953E-02  0.1117123E+06
  0.3327884E-02  0.1078722E+06
  0.3563064E-02  0.1040115E+06
  0.3813411E-02  0.1001317E+06
  0.4079905E-02  0.9623519E+05
  0.4363586E-02  0.9232475E+05
  0.4665563E-02  0.8840413E+05
  0.4987016E-02  0.8447772E+05
  0.5329200E-02  0.8055057E+05
  0.5693454E-02  0.7662853E+05
  0.6081200E-02  0.7271826E+05
  0.6493954E-02  0.6882715E+05
  0.6933327E-02  0.6496325E+05
  0.7401038E-02  0.6113534E+05
  0.7898914E-02  0.5735291E+05
  0.8428900E-02  0.5362603E+05
  0.8993067E-02  0.4996522E+05
  0.9593620E-02  0.4638143E+05
  0.1023291E-01  0.4288596E+05
  0.1091342E-01  0.3949024E+05
  0.1163783E-01  0.3620563E+05
  0.1240895E-01  0.3304332E+05
  0.1322981E-01  0.3001415E+05
  0.1410361E-01  0.2712832E+05
  0.1503376E-01  0.2439516E+05
  0.1602391E-01  0.2182293E+05
  0.1707791E-01  0.1941863E+05
  0.1819989E-01  0.1718775E+05
  0.1939423E-01  0.1513400E+05
  0.2066560E-01  0.1325920E+05
  0.2201897E-01  0.1156319E+05
  0.2345962E-01  0.1004365E+05
  0.2499319E-01  0.8696114E+04
  0.2662566E-01  0.7513977E+04
  0.2836341E-01  0.6488647E+04
  0.3021325E-01  0.5609681E+04
  0.3218238E-01  0.4865018E+04
  0.3427852E-01  0.4241319E+04
  0.3650984E-01  0.3724347E+04
  0.3888508E-01  0.3299361E+04
  0.4141350E-01  0.2951550E+04
  0.4410499E-01  0.2666499E+04
  0.4697006E-01  0.2430631E+04
  0.5001992E-01  0.2231582E+04
  0.5326648E-01  0.2058526E+04
  0.5672242E-01  0.1902436E+04
  0.6040126E-01  0.1756249E+04
  0.6431735E-01  0.1614893E+04
  0.6848601E-01  0.1475218E+04
  0.7292353E-01  0.1335842E+04
  0.7764725E-01  0.1196903E+04
  0.8267561E-01  0.1059714E+04
  0.8802828E-01  0.9263803E+03
  0.9372617E-01  0.7994277E+03
  0.9979154E-01  0.6814236E+03
  0.1062481E+00  0.5746337E+03
  0.1131211E+00  0.4807512E+03
  0.1204373E+00  0.4007264E+03
  0.1282254E+00  0.3346889E+03
  0.1365157E+00  0.2819566E+03
  0.1453408E+00  0.2411414E+03
  0.1547350E+00  0.2103330E+03
  0.1647351E+00  0.1873249E+03
  0.1753802E+00  0.1698490E+03
  0.1867118E+00  0.1557967E+03
  0.1987742E+00  0.1434050E+03
  0.2116146E+00  0.1313772E+03
  0.2252831E+00  0.1189278E+03
  0.2398332E+00  0.1057584E+03
  0.2553216E+00  0.9198121E+02
  0.2718090E+00  0.7800075E+02
  0.2893597E+00  0.6437359E+02
  0.3080424E+00  0.5167513E+02
  0.3279300E+00  0.4039416E+02
  0.3491002E+00  0.3086039E+02
  0.3716358E+00  0.2320925E+02
  0.3956248E+00  0.1738645E+02
  0.4211609E+00  0.1318443E+02
  0.4483440E+00  0.1029610E+02
  0.4772803E+00  0.8373720E+01
  0.5080827E+00  0.7083454E+01
  0.5408718E+00  0.6147077E+01
  0.5757756E+00  0.5365132E+01
  0.6129305E+00  0.4621045E+01
  0.6524817E+00  0.3870404E+01
  0.6945837E+00  0.3121199E+01
  0.7394010E+00  0.2410287E+01
  0.7871088E+00  0.1781301E+01
  0.8378935E+00  0.1268483E+01
  0.8919536E+00  0.8881013E+00
  0.9495002E+00  0.6366413E+00
  0.1010758E+01  0.4942031E+00
  0.1075967E+01  0.4311088E+00
  0.1145382E+01  0.4153057E+00
  0.1219273E+01  0.4185392E+00
  0.1297930E+01  0.4201605E+00
  0.1381660E+01  0.4083887E+00
  0.1470790E+01  0.3795285E+00
  0.1565668E+01  0.3358306E+00
  0.1666665E+01  0.2827848E+00
  0.1774177E+01  0.2267220E+00
  0.1888622E+01  0.1732050E+00
  0.2010448E+01  0.1261635E+00
  0.2140131E+01  0.8763628E-01
  0.2278178E+01  0.5801866E-01
  0.2425129E+01  0.3657112E-01
  0.2581557E+01  0.2192718E-01
  0.2748073E+01  0.1250113E-01
  0.2925329E+01  0.6785126E-02
  0.3114017E+01  0.3521593E-02
  0.3314875E+01  0.1762007E-02
  0.3528686E+01  0.8544358E-03
  0.3756288E+01  0.3951132E-03
  0.3998568E+01  0.1632302E-03
  0.4256474E+01  0.5321895E-04
  0.4531013E+01  0.1683408E-04
  0.4823259E+01  0.2381145E-04
  0.5134353E+01  0.4506520E-04
  0.5465511E+01  0.5527558E-04
  0.5818027E+01  0.4373581E-04
  0.6193278E+01  0.1931627E-04
  0.6592731E+01  0.1683162E-05
  0.7017946E+01  0.3704327E-05
  0.7470585E+01  0.1978490E-04
  0.7952417E+01  0.3152901E-04
  0.8465324E+01  0.2625313E-04
  0.9011311E+01  0.9922546E-05
  0.9592511E+01  0.1079806E-06
  0.1021120E+02  0.5864165E-05
  0.1086978E+02  0.1750745E-04
  0.1157084E+02  0.1912305E-04
  0.1231712E+02  0.8775592E-05
  0.1311153E+02  0.2762932E-06
  0.1395717E+02  0.3852160E-05
  0.1485735E+02  0.1229149E-04
  0.1581558E+02  0.1227183E-04
  0.1683562E+02  0.4058700E-05
  0.1792145E+02  0.6518535E-07
  0.1907730E+02  0.5161194E-05
  0.2030770E+02  0.9906018E-05
  0.2161746E+02  0.6496289E-05
  0.2301168E+02  0.6939277E-06
  0.2449583E+02  0.1334743E-05
  0.2607570E+02  0.6318228E-05
  0.2775746E+02  0.7319875E-05
  0.2954768E+02  0.3099783E-05
  0.3145336E+02  0.3093602E-07
  0.3348195E+02  0.1923214E-05
  0.3564137E+02  0.5857126E-05
  0.3794006E+02  0.7529086E-05
  0.4038700E+02  0.6145180E-05
  0.4299176E+02  0.3596805E-05
  0.4576451E+02  0.1587946E-05
  0.4871609E+02  0.5409934E-06
  0.5185803E+02  0.1435606E-06
  0.5520261E+02  0.2972899E-07
  0.5876289E+02  0.4791229E-08
  0.6255279E+02  0.5974124E-09
  0.6658712E+02  0.5714926E-10
  0.7088164E+02  0.4149461E-11
  0.7545313E+02  0.2256427E-12
  0.8031946E+02  0.9028385E-14
