  0.2054979E-04  0.3514305E+06
  0.4242492E-04  0.3117928E+06
  0.6571088E-04  0.2898363E+06
  0.9049865E-04  0.2744634E+06
  0.1168851E-03  0.2625819E+06
  0.1449733E-03  0.2528187E+06
  0.1748731E-03  0.2444702E+06
  0.2067012E-03  0.2371255E+06
  0.2405821E-03  0.2305253E+06
  0.2766481E-03  0.2244950E+06
  0.3150401E-03  0.2189120E+06
  0.3559083E-03  0.2136864E+06
  0.3994122E-03  0.2087507E+06
  0.4457218E-03  0.2040526E+06
  0.4950182E-03  0.1995507E+06
  0.5474939E-03  0.1952120E+06
  0.6033540E-03  0.1910090E+06
  0.6628168E-03  0.1869192E+06
  0.7261146E-03  0.1829236E+06
  0.7934948E-03  0.1790059E+06
  0.8652206E-03  0.1751521E+06
  0.9415723E-03  0.1713503E+06
  0.1022848E-02  0.1675898E+06
  0.1109366E-02  0.1638613E+06
  0.1201464E-02  0.1601566E+06
  0.1299501E-02  0.1564684E+06
  0.1403862E-02  0.1527901E+06
  0.1514953E-02  0.1491162E+06
  0.1633209E-02  0.1454413E+06
  0.1759091E-02  0.1417611E+06
  0.1893093E-02  0.1380716E+06
  0.2035737E-02  0.1343694E+06
  0.2187580E-02  0.1306515E+06
  0.2349217E-02  0.1269158E+06
  0.2521278E-02  0.1231602E+06
  0.2704436E-02  0.1193836E+06
  0.2899407E-02  0.1155851E+06
  0.3106953E-02  0.1117646E+06
  0.3327884E-02  0.1079224E+06
  0.3563064E-02  0.1040595E+06
  0.3813411E-02  0.1001776E+06
  0.4079905E-02  0.9627882E+05
  0.4363586E-02  0.9236622E+05
  0.4665563E-02  0.8844339E+05
  0.4987016E-02  0.8451473E+05
  0.5329200E-02  0.8058534E+05
  0.5693454E-02  0.7666108E+05
  0.6081200E-02  0.7274859E+05
  0.6493954E-02  0.6885522E+05
  0.6933327E-02  0.6498909E+05
  0.7401038E-02  0.6115899E+05
  0.7898914E-02  0.5737438E+05
  0.8428900E-02  0.5364531E+05
  0.8993067E-02  0.4998236E+05
  0.9593620E-02  0.4639649E+05
  0.1023291E-01  0.4289899E+05
  0.1091342E-01  0.3950126E+05
  0.1163783E-01  0.3621472E+05
  0.1240895E-01  0.3305058E+05
  0.1322981E-01  0.3001964E+05
  0.1410361E-01  0.2713212E+05
  0.1503376E-01  0.2439737E+05
  0.1602391E-01  0.2182368E+05
  0.1707791E-01  0.1941804E+05
  0.1819989E-01  0.1718593E+05
  0.1939423E-01  0.1513107E+05
  0.2066560E-01  0.1325532E+05
  0.2201897E-01  0.1155850E+05
  0.2345962E-01  0.1003828E+05
  0.2499319E-01  0.8690217E+04
  0.2662566E-01  0.7507708E+04
  0.2836341E-01  0.6482146E+04
  0.3021325E-01  0.5603077E+04
  0.3218238E-01  0.4858444E+04
  0.3427852E-01  0.4234906E+04
  0.3650984E-01  0.3718203E+04
  0.3888508E-01  0.3293577E+04
  0.4141350E-01  0.2946209E+04
  0.4410499E-01  0.2661672E+04
  0.4697006E-01  0.2426363E+04
  0.5001992E-01  0.2227896E+04
  0.5326648E-01  0.2055431E+04
  0.5672242E-01  0.1899931E+04
  0.6040126E-01  0.1754305E+04
  0.6431735E-01  0.1613464E+04
  0.6848601E-01  0.1474252E+04
  0.7292353E-01  0.1335280E+04
  0.7764725E-01  0.1196672E+04
  0.8267561E-01  0.1059733E+04
  0.8802828E-01  0.9265789E+03
  0.9372617E-01  0.7997388E+03
  0.9979154E-01  0.6817822E+03
  0.1062481E+00  0.5749819E+03
  0.1131211E+00  0.4810468E+03
  0.1204373E+00  0.4009417E+03
  0.1282254E+00  0.3348052E+03
  0.1365157E+00  0.2819663E+03
  0.1453408E+00  0.2410504E+03
  0.1547350E+00  0.2101575E+03
  0.1647351E+00  0.1870852E+03
  0.1753802E+00  0.1695678E+03
  0.1867118E+00  0.1554997E+03
  0.1987742E+00  0.1431169E+03
  0.2116146E+00  0.1311171E+03
  0.2252831E+00  0.1187081E+03
  0.2398332E+00  0.1055871E+03
  0.2553216E+00  0.9186076E+02
  0.2718090E+00  0.7792630E+02
  0.2893597E+00  0.6433498E+02
  0.3080424E+00  0.5166067E+02
  0.3279300E+00  0.4039152E+02
  0.3491002E+00  0.3085685E+02
  0.3716358E+00  0.2319394E+02
  0.3956248E+00  0.1735260E+02
  0.4211609E+00  0.1312948E+02
  0.4483440E+00  0.1022112E+02
  0.4772803E+00  0.8283242E+01
  0.5080827E+00  0.6984899E+01
  0.5408718E+00  0.6049239E+01
  0.5757756E+00  0.5276344E+01
  0.6129305E+00  0.4547923E+01
  0.6524817E+00  0.3817088E+01
  0.6945837E+00  0.3088634E+01
  0.7394010E+00  0.2395938E+01
  0.7871088E+00  0.1779780E+01
  0.8378935E+00  0.1272703E+01
  0.8919536E+00  0.8904702E+00
  0.9495002E+00  0.6302929E+00
  0.1010758E+01  0.4742081E+00
  0.1075967E+01  0.3952963E+00
  0.1145382E+01  0.3644758E+00
  0.1219273E+01  0.3560981E+00
  0.1297930E+01  0.3513537E+00
  0.1381660E+01  0.3393054E+00
  0.1470790E+01  0.3160031E+00
  0.1565668E+01  0.2824750E+00
  0.1666665E+01  0.2424250E+00
  0.1774177E+01  0.2002604E+00
  0.1888622E+01  0.1597783E+00
  0.2010448E+01  0.1235515E+00
  0.2140131E+01  0.9286546E-01
  0.2278178E+01  0.6797842E-01
  0.2425129E+01  0.4849237E-01
  0.2581557E+01  0.3368892E-01
  0.2748073E+01  0.2276158E-01
  0.2925329E+01  0.1493894E-01
  0.3114017E+01  0.9529541E-02
  0.3314875E+01  0.5928867E-02
  0.3528686E+01  0.3619168E-02
  0.3756288E+01  0.2175592E-02
  0.3998568E+01  0.1276185E-02
  0.4256474E+01  0.7053232E-03
  0.4531013E+01  0.3414304E-03
  0.4823259E+01  0.1281013E-03
  0.5134353E+01  0.3749839E-04
  0.5465511E+01  0.4014096E-04
  0.5818027E+01  0.9260405E-04
  0.6193278E+01  0.1451996E-03
  0.6592731E+01  0.1607690E-03
  0.7017946E+01  0.1300145E-03
  0.7470585E+01  0.7216955E-04
  0.7952417E+01  0.2018498E-04
  0.8465324E+01  0.6040209E-08
  0.9011311E+01  0.1683875E-04
  0.9592511E+01  0.5563344E-04
  0.1021120E+02  0.9306553E-04
  0.1086978E+02  0.1115517E-03
  0.1157084E+02  0.1065786E-03
  0.1231712E+02  0.8494268E-04
  0.1311153E+02  0.5774360E-04
  0.1395717E+02  0.3385895E-04
  0.1485735E+02  0.1721351E-04
  0.1581558E+02  0.7598098E-05
  0.1683562E+02  0.2908700E-05
  0.1792145E+02  0.9628807E-06
  0.1907730E+02  0.2744241E-06
  0.2030770E+02  0.6696175E-07
  0.2161746E+02  0.1389670E-07
  0.2301168E+02  0.2434378E-08
  0.2449583E+02  0.3569200E-09
  0.2607570E+02  0.4338909E-10
  0.2775746E+02  0.4328340E-11
  0.2954768E+02  0.3502902E-12
  0.3145336E+02  0.2270798E-13
  0.3348195E+02  0.1161487E-14
  0.3564137E+02  0.4694942E-16
