 #  Scattering amplitudes (in cm)      MU=(1-cos(TH))/2
 #  Z =  80,   projectile: electron
 #  Kinetic energy = 1.00000E+02 eV
 #
 # TH (deg)      MU          Re(F)        Im(F)        Re(G)        Im(G)
 #--------------------------------------------------------------------------
  0.000E+00  0.00000E+00  5.56064E-08  5.28013E-08  0.00000E+00  0.00000E+00
  1.000E-04  7.61557E-13  5.56064E-08  5.28013E-08 -1.05259E-15 -1.33156E-15
  1.250E-04  1.18994E-12  5.56064E-08  5.28013E-08 -1.31574E-15 -1.66445E-15
  1.500E-04  1.71346E-12  5.56064E-08  5.28013E-08 -1.57889E-15 -1.99735E-15
  1.750E-04  2.33225E-12  5.56064E-08  5.28013E-08 -1.84204E-15 -2.33024E-15
  2.000E-04  3.04617E-12  5.56064E-08  5.28013E-08 -2.10518E-15 -2.66313E-15
  2.250E-04  3.85530E-12  5.56064E-08  5.28013E-08 -2.36833E-15 -2.99602E-15
  2.500E-04  4.75964E-12  5.56064E-08  5.28013E-08 -2.63148E-15 -3.32891E-15
  2.750E-04  5.75917E-12  5.56064E-08  5.28013E-08 -2.89463E-15 -3.66180E-15
  3.000E-04  6.85391E-12  5.56064E-08  5.28013E-08 -3.15778E-15 -3.99469E-15
  3.250E-04  8.04379E-12  5.56064E-08  5.28013E-08 -3.42093E-15 -4.32758E-15
  3.500E-04  9.32893E-12  5.56064E-08  5.28013E-08 -3.68407E-15 -4.66047E-15
  3.750E-04  1.07092E-11  5.56064E-08  5.28013E-08 -3.94722E-15 -4.99336E-15
  4.000E-04  1.21847E-11  5.56064E-08  5.28013E-08 -4.21037E-15 -5.32625E-15
  4.250E-04  1.37554E-11  5.56064E-08  5.28013E-08 -4.47352E-15 -5.65915E-15
  4.500E-04  1.54213E-11  5.56064E-08  5.28013E-08 -4.73667E-15 -5.99204E-15
  4.750E-04  1.71823E-11  5.56064E-08  5.28013E-08 -4.99981E-15 -6.32493E-15
  5.000E-04  1.90386E-11  5.56064E-08  5.28013E-08 -5.26296E-15 -6.65782E-15
  5.250E-04  2.09900E-11  5.56064E-08  5.28013E-08 -5.52611E-15 -6.99071E-15
  5.500E-04  2.30367E-11  5.56064E-08  5.28013E-08 -5.78926E-15 -7.32360E-15
  5.750E-04  2.51785E-11  5.56064E-08  5.28013E-08 -6.05241E-15 -7.65649E-15
  6.000E-04  2.74156E-11  5.56064E-08  5.28013E-08 -6.31555E-15 -7.98938E-15
  6.250E-04  2.97478E-11  5.56064E-08  5.28013E-08 -6.57870E-15 -8.32227E-15
  6.500E-04  3.21752E-11  5.56064E-08  5.28013E-08 -6.84185E-15 -8.65516E-15
  6.750E-04  3.46979E-11  5.56064E-08  5.28013E-08 -7.10500E-15 -8.98805E-15
  7.000E-04  3.73157E-11  5.56064E-08  5.28013E-08 -7.36815E-15 -9.32095E-15
  7.250E-04  4.00286E-11  5.56064E-08  5.28013E-08 -7.63129E-15 -9.65384E-15
  7.500E-04  4.28368E-11  5.56064E-08  5.28013E-08 -7.89444E-15 -9.98673E-15
  7.750E-04  4.57402E-11  5.56064E-08  5.28013E-08 -8.15759E-15 -1.03196E-14
  8.000E-04  4.87388E-11  5.56064E-08  5.28013E-08 -8.42074E-15 -1.06525E-14
  8.250E-04  5.18325E-11  5.56064E-08  5.28013E-08 -8.68389E-15 -1.09854E-14
  8.500E-04  5.50215E-11  5.56064E-08  5.28013E-08 -8.94703E-15 -1.13183E-14
  8.750E-04  5.83057E-11  5.56064E-08  5.28013E-08 -9.21018E-15 -1.16512E-14
  9.000E-04  6.16850E-11  5.56064E-08  5.28013E-08 -9.47333E-15 -1.19841E-14
  9.250E-04  6.51595E-11  5.56064E-08  5.28013E-08 -9.73648E-15 -1.23170E-14
  9.500E-04  6.87293E-11  5.56064E-08  5.28013E-08 -9.99963E-15 -1.26499E-14
  9.750E-04  7.23943E-11  5.56064E-08  5.28013E-08 -1.02628E-14 -1.29827E-14
  1.000E-03  7.61544E-11  5.56064E-08  5.28013E-08 -1.05259E-14 -1.33156E-14
  1.250E-03  1.18991E-10  5.56064E-08  5.28013E-08 -1.31574E-14 -1.66445E-14
  1.500E-03  1.71347E-10  5.56064E-08  5.28013E-08 -1.57889E-14 -1.99735E-14
  1.750E-03  2.33223E-10  5.56064E-08  5.28013E-08 -1.84204E-14 -2.33024E-14
  2.000E-03  3.04617E-10  5.56064E-08  5.28013E-08 -2.10518E-14 -2.66313E-14
  2.250E-03  3.85531E-10  5.56064E-08  5.28013E-08 -2.36833E-14 -2.99602E-14
  2.500E-03  4.75965E-10  5.56064E-08  5.28013E-08 -2.63148E-14 -3.32891E-14
  2.750E-03  5.75917E-10  5.56064E-08  5.28013E-08 -2.89463E-14 -3.66180E-14
  3.000E-03  6.85389E-10  5.56063E-08  5.28013E-08 -3.15778E-14 -3.99469E-14
  3.250E-03  8.04380E-10  5.56063E-08  5.28013E-08 -3.42093E-14 -4.32758E-14
  3.500E-03  9.32891E-10  5.56063E-08  5.28013E-08 -3.68407E-14 -4.66047E-14
  3.750E-03  1.07092E-09  5.56063E-08  5.28013E-08 -3.94722E-14 -4.99336E-14
  4.000E-03  1.21847E-09  5.56063E-08  5.28013E-08 -4.21037E-14 -5.32625E-14
  4.250E-03  1.37554E-09  5.56063E-08  5.28013E-08 -4.47352E-14 -5.65915E-14
  4.500E-03  1.54213E-09  5.56062E-08  5.28013E-08 -4.73667E-14 -5.99204E-14
  4.750E-03  1.71823E-09  5.56062E-08  5.28013E-08 -4.99981E-14 -6.32493E-14
  5.000E-03  1.90386E-09  5.56062E-08  5.28013E-08 -5.26296E-14 -6.65782E-14
  5.250E-03  2.09900E-09  5.56061E-08  5.28013E-08 -5.52611E-14 -6.99071E-14
  5.500E-03  2.30367E-09  5.56061E-08  5.28013E-08 -5.78926E-14 -7.32360E-14
  5.750E-03  2.51785E-09  5.56061E-08  5.28013E-08 -6.05241E-14 -7.65649E-14
  6.000E-03  2.74156E-09  5.56061E-08  5.28013E-08 -6.31555E-14 -7.98938E-14
  6.250E-03  2.97478E-09  5.56060E-08  5.28013E-08 -6.57870E-14 -8.32227E-14
  6.500E-03  3.21752E-09  5.56060E-08  5.28013E-08 -6.84185E-14 -8.65516E-14
  6.750E-03  3.46978E-09  5.56060E-08  5.28013E-08 -7.10500E-14 -8.98805E-14
  7.000E-03  3.73156E-09  5.56059E-08  5.28013E-08 -7.36815E-14 -9.32095E-14
  7.250E-03  4.00286E-09  5.56059E-08  5.28013E-08 -7.63130E-14 -9.65384E-14
  7.500E-03  4.28368E-09  5.56058E-08  5.28013E-08 -7.89444E-14 -9.98673E-14
  7.750E-03  4.57402E-09  5.56058E-08  5.28013E-08 -8.15759E-14 -1.03196E-13
  8.000E-03  4.87388E-09  5.56057E-08  5.28013E-08 -8.42074E-14 -1.06525E-13
  8.250E-03  5.18326E-09  5.56057E-08  5.28013E-08 -8.68389E-14 -1.09854E-13
  8.500E-03  5.50215E-09  5.56057E-08  5.28013E-08 -8.94704E-14 -1.13183E-13
  8.750E-03  5.83057E-09  5.56056E-08  5.28013E-08 -9.21018E-14 -1.16512E-13
  9.000E-03  6.16850E-09  5.56056E-08  5.28013E-08 -9.47333E-14 -1.19841E-13
  9.250E-03  6.51596E-09  5.56055E-08  5.28013E-08 -9.73648E-14 -1.23170E-13
  9.500E-03  6.87293E-09  5.56055E-08  5.28013E-08 -9.99963E-14 -1.26499E-13
  9.750E-03  7.23942E-09  5.56054E-08  5.28013E-08 -1.02628E-13 -1.29827E-13
  1.000E-02  7.61544E-09  5.56054E-08  5.28013E-08 -1.05259E-13 -1.33156E-13
  1.250E-02  1.18991E-08  5.56047E-08  5.28013E-08 -1.31574E-13 -1.66445E-13
  1.500E-02  1.71347E-08  5.56040E-08  5.28013E-08 -1.57889E-13 -1.99735E-13
  1.750E-02  2.33223E-08  5.56031E-08  5.28013E-08 -1.84204E-13 -2.33024E-13
  2.000E-02  3.04617E-08  5.56021E-08  5.28012E-08 -2.10519E-13 -2.66313E-13
  2.250E-02  3.85531E-08  5.56009E-08  5.28012E-08 -2.36834E-13 -2.99602E-13
  2.500E-02  4.75965E-08  5.55996E-08  5.28012E-08 -2.63148E-13 -3.32891E-13
  2.750E-02  5.75917E-08  5.55982E-08  5.28012E-08 -2.89463E-13 -3.66180E-13
  3.000E-02  6.85389E-08  5.55967E-08  5.28012E-08 -3.15778E-13 -3.99469E-13
  3.250E-02  8.04380E-08  5.55950E-08  5.28012E-08 -3.42093E-13 -4.32758E-13
  3.500E-02  9.32891E-08  5.55931E-08  5.28011E-08 -3.68408E-13 -4.66047E-13
  3.750E-02  1.07092E-07  5.55911E-08  5.28011E-08 -3.94724E-13 -4.99336E-13
  4.000E-02  1.21847E-07  5.55890E-08  5.28011E-08 -4.21039E-13 -5.32625E-13
  4.250E-02  1.37554E-07  5.55868E-08  5.28011E-08 -4.47354E-13 -5.65914E-13
  4.500E-02  1.54213E-07  5.55844E-08  5.28010E-08 -4.73669E-13 -5.99204E-13
  4.750E-02  1.71823E-07  5.55819E-08  5.28010E-08 -4.99984E-13 -6.32493E-13
  5.000E-02  1.90386E-07  5.55793E-08  5.28010E-08 -5.26299E-13 -6.65782E-13
  5.250E-02  2.09900E-07  5.55765E-08  5.28009E-08 -5.52615E-13 -6.99071E-13
  5.500E-02  2.30367E-07  5.55736E-08  5.28009E-08 -5.78930E-13 -7.32360E-13
  5.750E-02  2.51785E-07  5.55705E-08  5.28009E-08 -6.05246E-13 -7.65649E-13
  6.000E-02  2.74156E-07  5.55674E-08  5.28008E-08 -6.31561E-13 -7.98938E-13
  6.250E-02  2.97478E-07  5.55641E-08  5.28008E-08 -6.57877E-13 -8.32227E-13
  6.500E-02  3.21752E-07  5.55606E-08  5.28007E-08 -6.84192E-13 -8.65516E-13
  6.750E-02  3.46978E-07  5.55570E-08  5.28007E-08 -7.10508E-13 -8.98805E-13
  7.000E-02  3.73156E-07  5.55533E-08  5.28007E-08 -7.36824E-13 -9.32094E-13
  7.250E-02  4.00286E-07  5.55495E-08  5.28006E-08 -7.63139E-13 -9.65383E-13
  7.500E-02  4.28368E-07  5.55455E-08  5.28006E-08 -7.89455E-13 -9.98672E-13
  7.750E-02  4.57402E-07  5.55414E-08  5.28005E-08 -8.15771E-13 -1.03196E-12
  8.000E-02  4.87388E-07  5.55372E-08  5.28005E-08 -8.42087E-13 -1.06525E-12
  8.250E-02  5.18325E-07  5.55328E-08  5.28004E-08 -8.68403E-13 -1.09854E-12
  8.500E-02  5.50215E-07  5.55283E-08  5.28003E-08 -8.94719E-13 -1.13183E-12
  8.750E-02  5.83057E-07  5.55237E-08  5.28003E-08 -9.21036E-13 -1.16512E-12
  9.000E-02  6.16850E-07  5.55189E-08  5.28002E-08 -9.47352E-13 -1.19841E-12
  9.250E-02  6.51596E-07  5.55140E-08  5.28002E-08 -9.73668E-13 -1.23170E-12
  9.500E-02  6.87293E-07  5.55090E-08  5.28001E-08 -9.99985E-13 -1.26498E-12
  9.750E-02  7.23942E-07  5.55039E-08  5.28000E-08 -1.02630E-12 -1.29827E-12
  1.000E-01  7.61543E-07  5.54986E-08  5.28000E-08 -1.05262E-12 -1.33156E-12
  1.250E-01  1.18991E-06  5.54389E-08  5.27992E-08 -1.31579E-12 -1.66445E-12
  1.500E-01  1.71347E-06  5.53669E-08  5.27983E-08 -1.57897E-12 -1.99734E-12
  1.750E-01  2.33223E-06  5.52831E-08  5.27973E-08 -1.84217E-12 -2.33023E-12
  2.000E-01  3.04617E-06  5.51881E-08  5.27961E-08 -2.10538E-12 -2.66312E-12
  2.250E-01  3.85531E-06  5.50827E-08  5.27947E-08 -2.36860E-12 -2.99600E-12
  2.500E-01  4.75964E-06  5.49674E-08  5.27931E-08 -2.63184E-12 -3.32889E-12
  2.750E-01  5.75916E-06  5.48432E-08  5.27914E-08 -2.89509E-12 -3.66177E-12
  3.000E-01  6.85388E-06  5.47108E-08  5.27895E-08 -3.15836E-12 -3.99465E-12
  3.250E-01  8.04378E-06  5.45711E-08  5.27875E-08 -3.42164E-12 -4.32753E-12
  3.500E-01  9.32888E-06  5.44249E-08  5.27853E-08 -3.68493E-12 -4.66041E-12
  3.750E-01  1.07092E-05  5.42731E-08  5.27829E-08 -3.94823E-12 -4.99329E-12
  4.000E-01  1.21846E-05  5.41165E-08  5.27803E-08 -4.21155E-12 -5.32617E-12
  4.250E-01  1.37553E-05  5.39559E-08  5.27776E-08 -4.47487E-12 -5.65904E-12
  4.500E-01  1.54212E-05  5.37921E-08  5.27748E-08 -4.73820E-12 -5.99191E-12
  4.750E-01  1.71822E-05  5.36258E-08  5.27718E-08 -5.00154E-12 -6.32478E-12
  5.000E-01  1.90385E-05  5.34578E-08  5.27686E-08 -5.26488E-12 -6.65764E-12
  5.250E-01  2.09899E-05  5.32885E-08  5.27652E-08 -5.52822E-12 -6.99051E-12
  5.500E-01  2.30365E-05  5.31187E-08  5.27617E-08 -5.79157E-12 -7.32337E-12
  5.750E-01  2.51783E-05  5.29487E-08  5.27580E-08 -6.05492E-12 -7.65623E-12
  6.000E-01  2.74153E-05  5.27791E-08  5.27542E-08 -6.31828E-12 -7.98908E-12
  6.250E-01  2.97475E-05  5.26102E-08  5.27502E-08 -6.58163E-12 -8.32193E-12
  6.500E-01  3.21749E-05  5.24423E-08  5.27460E-08 -6.84499E-12 -8.65478E-12
  6.750E-01  3.46974E-05  5.22756E-08  5.27417E-08 -7.10835E-12 -8.98763E-12
  7.000E-01  3.73152E-05  5.21102E-08  5.27372E-08 -7.37172E-12 -9.32047E-12
  7.250E-01  4.00281E-05  5.19464E-08  5.27325E-08 -7.63509E-12 -9.65331E-12
  7.500E-01  4.28362E-05  5.17842E-08  5.27277E-08 -7.89847E-12 -9.98614E-12
  7.750E-01  4.57395E-05  5.16234E-08  5.27227E-08 -8.16185E-12 -1.03190E-11
  8.000E-01  4.87380E-05  5.14642E-08  5.27176E-08 -8.42524E-12 -1.06518E-11
  8.250E-01  5.18317E-05  5.13065E-08  5.27123E-08 -8.68865E-12 -1.09846E-11
  8.500E-01  5.50205E-05  5.11500E-08  5.27068E-08 -8.95206E-12 -1.13174E-11
  8.750E-01  5.83045E-05  5.09948E-08  5.27012E-08 -9.21549E-12 -1.16503E-11
  9.000E-01  6.16838E-05  5.08406E-08  5.26954E-08 -9.47893E-12 -1.19831E-11
  9.250E-01  6.51582E-05  5.06873E-08  5.26895E-08 -9.74239E-12 -1.23159E-11
  9.500E-01  6.87277E-05  5.05347E-08  5.26834E-08 -1.00059E-11 -1.26487E-11
  9.750E-01  7.23925E-05  5.03828E-08  5.26771E-08 -1.02693E-11 -1.29815E-11
  1.000E+00  7.61524E-05  5.02312E-08  5.26706E-08 -1.05328E-11 -1.33142E-11
  1.100E+00  9.21439E-05  4.96269E-08  5.26433E-08 -1.15869E-11 -1.46453E-11
  1.200E+00  1.09658E-04  4.90215E-08  5.26134E-08 -1.26411E-11 -1.59764E-11
  1.300E+00  1.28695E-04  4.84141E-08  5.25809E-08 -1.36952E-11 -1.73073E-11
  1.400E+00  1.49255E-04  4.78075E-08  5.25458E-08 -1.47491E-11 -1.86381E-11
  1.500E+00  1.71338E-04  4.72062E-08  5.25082E-08 -1.58029E-11 -1.99688E-11
  1.600E+00  1.94942E-04  4.66135E-08  5.24680E-08 -1.68566E-11 -2.12993E-11
  1.700E+00  2.20070E-04  4.60302E-08  5.24254E-08 -1.79104E-11 -2.26297E-11
  1.800E+00  2.46720E-04  4.54547E-08  5.23802E-08 -1.89643E-11 -2.39600E-11
  1.900E+00  2.74892E-04  4.48846E-08  5.23325E-08 -2.00183E-11 -2.52902E-11
  2.000E+00  3.04586E-04  4.43176E-08  5.22822E-08 -2.10723E-11 -2.66201E-11
  2.100E+00  3.35803E-04  4.37529E-08  5.22295E-08 -2.21261E-11 -2.79499E-11
  2.200E+00  3.68542E-04  4.31913E-08  5.21744E-08 -2.31795E-11 -2.92796E-11
  2.300E+00  4.02802E-04  4.26345E-08  5.21167E-08 -2.42326E-11 -3.06090E-11
  2.400E+00  4.38585E-04  4.20839E-08  5.20567E-08 -2.52855E-11 -3.19383E-11
  2.500E+00  4.75889E-04  4.15399E-08  5.19941E-08 -2.63383E-11 -3.32673E-11
  2.600E+00  5.14715E-04  4.10022E-08  5.19292E-08 -2.73911E-11 -3.45962E-11
  2.700E+00  5.55063E-04  4.04695E-08  5.18618E-08 -2.84439E-11 -3.59248E-11
  2.800E+00  5.96931E-04  3.99407E-08  5.17921E-08 -2.94967E-11 -3.72532E-11
  2.900E+00  6.40321E-04  3.94153E-08  5.17200E-08 -3.05490E-11 -3.85814E-11
  3.000E+00  6.85233E-04  3.88935E-08  5.16455E-08 -3.16009E-11 -3.99093E-11
  3.100E+00  7.31665E-04  3.83761E-08  5.15686E-08 -3.26523E-11 -4.12369E-11
  3.200E+00  7.79618E-04  3.78639E-08  5.14895E-08 -3.37032E-11 -4.25643E-11
  3.300E+00  8.29092E-04  3.73573E-08  5.14080E-08 -3.47540E-11 -4.38915E-11
  3.400E+00  8.80086E-04  3.68560E-08  5.13242E-08 -3.58047E-11 -4.52183E-11
  3.500E+00  9.32601E-04  3.63595E-08  5.12381E-08 -3.68553E-11 -4.65449E-11
  3.600E+00  9.86636E-04  3.58669E-08  5.11498E-08 -3.79057E-11 -4.78712E-11
  3.700E+00  1.04219E-03  3.53780E-08  5.10592E-08 -3.89556E-11 -4.91972E-11
  3.800E+00  1.09927E-03  3.48927E-08  5.09664E-08 -4.00049E-11 -5.05228E-11
  3.900E+00  1.15786E-03  3.44117E-08  5.08714E-08 -4.10535E-11 -5.18482E-11
  4.000E+00  1.21797E-03  3.39353E-08  5.07742E-08 -4.21015E-11 -5.31732E-11
  4.100E+00  1.27961E-03  3.34638E-08  5.06748E-08 -4.31492E-11 -5.44979E-11
  4.200E+00  1.34276E-03  3.29971E-08  5.05733E-08 -4.41967E-11 -5.58222E-11
  4.300E+00  1.40743E-03  3.25348E-08  5.04696E-08 -4.52441E-11 -5.71461E-11
  4.400E+00  1.47362E-03  3.20763E-08  5.03638E-08 -4.62912E-11 -5.84698E-11
  4.500E+00  1.54133E-03  3.16216E-08  5.02560E-08 -4.73376E-11 -5.97930E-11
  4.600E+00  1.61056E-03  3.11704E-08  5.01460E-08 -4.83833E-11 -6.11158E-11
  4.700E+00  1.68131E-03  3.07232E-08  5.00340E-08 -4.94281E-11 -6.24383E-11
  4.800E+00  1.75357E-03  3.02803E-08  4.99200E-08 -5.04722E-11 -6.37604E-11
  4.900E+00  1.82735E-03  2.98418E-08  4.98040E-08 -5.15158E-11 -6.50820E-11
  5.000E+00  1.90265E-03  2.94077E-08  4.96859E-08 -5.25591E-11 -6.64033E-11
  5.100E+00  1.97947E-03  2.89777E-08  4.95660E-08 -5.36022E-11 -6.77241E-11
  5.200E+00  2.05780E-03  2.85515E-08  4.94440E-08 -5.46449E-11 -6.90445E-11
  5.300E+00  2.13765E-03  2.81288E-08  4.93202E-08 -5.56869E-11 -7.03644E-11
  5.400E+00  2.21902E-03  2.77096E-08  4.91944E-08 -5.67279E-11 -7.16839E-11
  5.500E+00  2.30190E-03  2.72941E-08  4.90668E-08 -5.77679E-11 -7.30029E-11
  5.600E+00  2.38630E-03  2.68825E-08  4.89373E-08 -5.88071E-11 -7.43215E-11
  5.700E+00  2.47222E-03  2.64751E-08  4.88060E-08 -5.98456E-11 -7.56395E-11
  5.800E+00  2.55965E-03  2.60716E-08  4.86728E-08 -6.08837E-11 -7.69571E-11
  5.900E+00  2.64859E-03  2.56721E-08  4.85379E-08 -6.19215E-11 -7.82742E-11
  6.000E+00  2.73905E-03  2.52761E-08  4.84013E-08 -6.29588E-11 -7.95908E-11
  6.100E+00  2.83103E-03  2.48835E-08  4.82628E-08 -6.39953E-11 -8.09069E-11
  6.200E+00  2.92452E-03  2.44942E-08  4.81227E-08 -6.50308E-11 -8.22225E-11
  6.300E+00  3.01952E-03  2.41085E-08  4.79809E-08 -6.60650E-11 -8.35375E-11
  6.400E+00  3.11604E-03  2.37264E-08  4.78374E-08 -6.70982E-11 -8.48520E-11
  6.500E+00  3.21407E-03  2.33481E-08  4.76923E-08 -6.81307E-11 -8.61659E-11
  6.600E+00  3.31362E-03  2.29735E-08  4.75455E-08 -6.91626E-11 -8.74793E-11
  6.700E+00  3.41468E-03  2.26026E-08  4.73972E-08 -7.01941E-11 -8.87921E-11
  6.800E+00  3.51725E-03  2.22350E-08  4.72473E-08 -7.12251E-11 -9.01043E-11
  6.900E+00  3.62133E-03  2.18707E-08  4.70958E-08 -7.22551E-11 -9.14160E-11
  7.000E+00  3.72692E-03  2.15096E-08  4.69428E-08 -7.32840E-11 -9.27271E-11
  7.100E+00  3.83403E-03  2.11518E-08  4.67883E-08 -7.43115E-11 -9.40375E-11
  7.200E+00  3.94265E-03  2.07975E-08  4.66324E-08 -7.53379E-11 -9.53474E-11
  7.300E+00  4.05278E-03  2.04466E-08  4.64750E-08 -7.63633E-11 -9.66566E-11
  7.400E+00  4.16442E-03  2.00993E-08  4.63162E-08 -7.73880E-11 -9.79652E-11
  7.500E+00  4.27757E-03  1.97554E-08  4.61560E-08 -7.84123E-11 -9.92731E-11
  7.600E+00  4.39223E-03  1.94146E-08  4.59944E-08 -7.94359E-11 -1.00580E-10
  7.700E+00  4.50840E-03  1.90770E-08  4.58315E-08 -8.04586E-11 -1.01887E-10
  7.800E+00  4.62608E-03  1.87424E-08  4.56672E-08 -8.14799E-11 -1.03193E-10
  7.900E+00  4.74527E-03  1.84110E-08  4.55017E-08 -8.24998E-11 -1.04498E-10
  8.000E+00  4.86597E-03  1.80827E-08  4.53348E-08 -8.35183E-11 -1.05803E-10
  8.100E+00  4.98817E-03  1.77577E-08  4.51668E-08 -8.45357E-11 -1.07107E-10
  8.200E+00  5.11188E-03  1.74360E-08  4.49975E-08 -8.55524E-11 -1.08410E-10
  8.300E+00  5.23711E-03  1.71174E-08  4.48270E-08 -8.65684E-11 -1.09713E-10
  8.400E+00  5.36383E-03  1.68019E-08  4.46554E-08 -8.75838E-11 -1.11014E-10
  8.500E+00  5.49207E-03  1.64894E-08  4.44826E-08 -8.85981E-11 -1.12316E-10
  8.600E+00  5.62181E-03  1.61797E-08  4.43087E-08 -8.96110E-11 -1.13616E-10
  8.700E+00  5.75306E-03  1.58729E-08  4.41337E-08 -9.06223E-11 -1.14915E-10
  8.800E+00  5.88581E-03  1.55692E-08  4.39576E-08 -9.16320E-11 -1.16214E-10
  8.900E+00  6.02007E-03  1.52685E-08  4.37805E-08 -9.26405E-11 -1.17512E-10
  9.000E+00  6.15583E-03  1.49709E-08  4.36023E-08 -9.36481E-11 -1.18810E-10
  9.100E+00  6.29310E-03  1.46763E-08  4.34232E-08 -9.46550E-11 -1.20106E-10
  9.200E+00  6.43187E-03  1.43846E-08  4.32431E-08 -9.56612E-11 -1.21402E-10
  9.300E+00  6.57214E-03  1.40957E-08  4.30620E-08 -9.66663E-11 -1.22697E-10
  9.400E+00  6.71392E-03  1.38094E-08  4.28801E-08 -9.76698E-11 -1.23991E-10
  9.500E+00  6.85720E-03  1.35260E-08  4.26972E-08 -9.86716E-11 -1.25284E-10
  9.600E+00  7.00198E-03  1.32454E-08  4.25135E-08 -9.96716E-11 -1.26576E-10
  9.700E+00  7.14827E-03  1.29676E-08  4.23289E-08 -1.00670E-10 -1.27868E-10
  9.800E+00  7.29605E-03  1.26927E-08  4.21435E-08 -1.01668E-10 -1.29159E-10
  9.900E+00  7.44534E-03  1.24207E-08  4.19573E-08 -1.02665E-10 -1.30449E-10
  1.000E+01  7.59612E-03  1.21513E-08  4.17704E-08 -1.03661E-10 -1.31738E-10
  1.025E+01  7.97965E-03  1.14895E-08  4.12998E-08 -1.06145E-10 -1.34956E-10
  1.050E+01  8.37255E-03  1.08440E-08  4.08249E-08 -1.08618E-10 -1.38169E-10
  1.075E+01  8.77480E-03  1.02153E-08  4.03461E-08 -1.11083E-10 -1.41376E-10
  1.100E+01  9.18641E-03  9.60254E-09  3.98637E-08 -1.13542E-10 -1.44578E-10
  1.125E+01  9.60736E-03  9.00521E-09  3.93782E-08 -1.15988E-10 -1.47773E-10
  1.150E+01  1.00376E-02  8.42368E-09  3.88898E-08 -1.18426E-10 -1.50962E-10
  1.175E+01  1.04773E-02  7.85736E-09  3.83990E-08 -1.20856E-10 -1.54145E-10
  1.200E+01  1.09262E-02  7.30559E-09  3.79060E-08 -1.23275E-10 -1.57321E-10
  1.225E+01  1.13844E-02  6.76859E-09  3.74113E-08 -1.25682E-10 -1.60490E-10
  1.250E+01  1.18520E-02  6.24608E-09  3.69151E-08 -1.28082E-10 -1.63653E-10
  1.275E+01  1.23288E-02  5.73730E-09  3.64177E-08 -1.30471E-10 -1.66809E-10
  1.300E+01  1.28150E-02  5.24232E-09  3.59195E-08 -1.32847E-10 -1.69957E-10
  1.325E+01  1.33104E-02  4.76107E-09  3.54208E-08 -1.35215E-10 -1.73099E-10
  1.350E+01  1.38150E-02  4.29285E-09  3.49219E-08 -1.37573E-10 -1.76233E-10
  1.375E+01  1.43290E-02  3.83751E-09  3.44231E-08 -1.39916E-10 -1.79359E-10
  1.400E+01  1.48521E-02  3.39513E-09  3.39247E-08 -1.42250E-10 -1.82478E-10
  1.425E+01  1.53845E-02  2.96513E-09  3.34268E-08 -1.44574E-10 -1.85589E-10
  1.450E+01  1.59262E-02  2.54716E-09  3.29299E-08 -1.46884E-10 -1.88692E-10
  1.475E+01  1.64770E-02  2.14134E-09  3.24342E-08 -1.49181E-10 -1.91787E-10
  1.500E+01  1.70371E-02  1.74724E-09  3.19398E-08 -1.51470E-10 -1.94874E-10
  1.525E+01  1.76063E-02  1.36441E-09  3.14471E-08 -1.53744E-10 -1.97952E-10
  1.550E+01  1.81848E-02  9.92910E-10  3.09563E-08 -1.56004E-10 -2.01022E-10
  1.575E+01  1.87724E-02  6.32497E-10  3.04675E-08 -1.58256E-10 -2.04083E-10
  1.600E+01  1.93692E-02  2.82656E-10  2.99811E-08 -1.60493E-10 -2.07135E-10
  1.625E+01  1.99751E-02 -5.66394E-11  2.94971E-08 -1.62715E-10 -2.10178E-10
  1.650E+01  2.05901E-02 -3.85488E-10  2.90159E-08 -1.64927E-10 -2.13212E-10
  1.675E+01  2.12143E-02 -7.04381E-10  2.85376E-08 -1.67125E-10 -2.16237E-10
  1.700E+01  2.18476E-02 -1.01347E-09  2.80623E-08 -1.69307E-10 -2.19252E-10
  1.725E+01  2.24900E-02 -1.31277E-09  2.75902E-08 -1.71478E-10 -2.22258E-10
  1.750E+01  2.31415E-02 -1.60268E-09  2.71215E-08 -1.73637E-10 -2.25254E-10
  1.775E+01  2.38021E-02 -1.88350E-09  2.66563E-08 -1.75777E-10 -2.28240E-10
  1.800E+01  2.44717E-02 -2.15519E-09  2.61949E-08 -1.77905E-10 -2.31217E-10
  1.825E+01  2.51504E-02 -2.41807E-09  2.57372E-08 -1.80022E-10 -2.34183E-10
  1.850E+01  2.58382E-02 -2.67250E-09  2.52834E-08 -1.82121E-10 -2.37139E-10
  1.875E+01  2.65349E-02 -2.91848E-09  2.48336E-08 -1.84205E-10 -2.40085E-10
  1.900E+01  2.72407E-02 -3.15622E-09  2.43880E-08 -1.86279E-10 -2.43020E-10
  1.925E+01  2.79555E-02 -3.38608E-09  2.39467E-08 -1.88335E-10 -2.45944E-10
  1.950E+01  2.86793E-02 -3.60817E-09  2.35096E-08 -1.90373E-10 -2.48858E-10
  1.975E+01  2.94120E-02 -3.82257E-09  2.30770E-08 -1.92401E-10 -2.51761E-10
  2.000E+01  3.01537E-02 -4.02963E-09  2.26488E-08 -1.94413E-10 -2.54653E-10
  2.025E+01  3.09043E-02 -4.22952E-09  2.22252E-08 -1.96406E-10 -2.57533E-10
  2.050E+01  3.16639E-02 -4.42227E-09  2.18062E-08 -1.98387E-10 -2.60402E-10
  2.075E+01  3.24324E-02 -4.60817E-09  2.13918E-08 -2.00353E-10 -2.63260E-10
  2.100E+01  3.32098E-02 -4.78745E-09  2.09822E-08 -2.02299E-10 -2.66107E-10
  2.125E+01  3.39961E-02 -4.96014E-09  2.05773E-08 -2.04231E-10 -2.68941E-10
  2.150E+01  3.47912E-02 -5.12643E-09  2.01772E-08 -2.06151E-10 -2.71764E-10
  2.175E+01  3.55952E-02 -5.28660E-09  1.97819E-08 -2.08050E-10 -2.74574E-10
  2.200E+01  3.64081E-02 -5.44069E-09  1.93914E-08 -2.09932E-10 -2.77373E-10
  2.225E+01  3.72297E-02 -5.58884E-09  1.90057E-08 -2.11803E-10 -2.80160E-10
  2.250E+01  3.80602E-02 -5.73130E-09  1.86249E-08 -2.13654E-10 -2.82934E-10
  2.275E+01  3.88995E-02 -5.86820E-09  1.82490E-08 -2.15486E-10 -2.85695E-10
  2.300E+01  3.97476E-02 -5.99959E-09  1.78779E-08 -2.17307E-10 -2.88444E-10
  2.325E+01  4.06044E-02 -6.12570E-09  1.75117E-08 -2.19109E-10 -2.91181E-10
  2.350E+01  4.14700E-02 -6.24670E-09  1.71503E-08 -2.20890E-10 -2.93904E-10
  2.375E+01  4.23443E-02 -6.36263E-09  1.67937E-08 -2.22659E-10 -2.96615E-10
  2.400E+01  4.32273E-02 -6.47364E-09  1.64420E-08 -2.24411E-10 -2.99312E-10
  2.425E+01  4.41190E-02 -6.57996E-09  1.60950E-08 -2.26141E-10 -3.01997E-10
  2.450E+01  4.50194E-02 -6.68162E-09  1.57528E-08 -2.27857E-10 -3.04668E-10
  2.475E+01  4.59284E-02 -6.77872E-09  1.54153E-08 -2.29558E-10 -3.07326E-10
  2.500E+01  4.68461E-02 -6.87146E-09  1.50825E-08 -2.31237E-10 -3.09970E-10
  2.550E+01  4.87074E-02 -7.04421E-09  1.44310E-08 -2.34547E-10 -3.15217E-10
  2.600E+01  5.06030E-02 -7.20071E-09  1.37977E-08 -2.37781E-10 -3.20409E-10
  2.650E+01  5.25328E-02 -7.34172E-09  1.31825E-08 -2.40950E-10 -3.25544E-10
  2.700E+01  5.44967E-02 -7.46812E-09  1.25848E-08 -2.44042E-10 -3.30623E-10
  2.750E+01  5.64946E-02 -7.58049E-09  1.20044E-08 -2.47061E-10 -3.35643E-10
  2.800E+01  5.85262E-02 -7.67960E-09  1.14406E-08 -2.50012E-10 -3.40604E-10
  2.850E+01  6.05914E-02 -7.76605E-09  1.08932E-08 -2.52881E-10 -3.45506E-10
  2.900E+01  6.26901E-02 -7.84036E-09  1.03615E-08 -2.55682E-10 -3.50347E-10
  2.950E+01  6.48222E-02 -7.90319E-09  9.84520E-09 -2.58407E-10 -3.55127E-10
  3.000E+01  6.69873E-02 -7.95489E-09  9.34374E-09 -2.61052E-10 -3.59845E-10
  3.050E+01  6.91854E-02 -7.99603E-09  8.85666E-09 -2.63630E-10 -3.64501E-10
  3.100E+01  7.14163E-02 -8.02700E-09  8.38347E-09 -2.66124E-10 -3.69092E-10
  3.150E+01  7.36799E-02 -8.04811E-09  7.92371E-09 -2.68545E-10 -3.73620E-10
  3.200E+01  7.59760E-02 -8.05986E-09  7.47692E-09 -2.70895E-10 -3.78083E-10
  3.250E+01  7.83043E-02 -8.06241E-09  7.04265E-09 -2.73158E-10 -3.82480E-10
  3.300E+01  8.06647E-02 -8.05617E-09  6.62047E-09 -2.75354E-10 -3.86811E-10
  3.350E+01  8.30571E-02 -8.04138E-09  6.20997E-09 -2.77470E-10 -3.91075E-10
  3.400E+01  8.54812E-02 -8.01822E-09  5.81074E-09 -2.79505E-10 -3.95271E-10
  3.450E+01  8.79369E-02 -7.98707E-09  5.42241E-09 -2.81473E-10 -3.99400E-10
  3.500E+01  9.04240E-02 -7.94798E-09  5.04462E-09 -2.83354E-10 -4.03460E-10
  3.550E+01  9.29422E-02 -7.90128E-09  4.67703E-09 -2.85163E-10 -4.07450E-10
  3.600E+01  9.54915E-02 -7.84711E-09  4.31934E-09 -2.86899E-10 -4.11371E-10
  3.650E+01  9.80716E-02 -7.78559E-09  3.97124E-09 -2.88549E-10 -4.15221E-10
  3.700E+01  1.00682E-01 -7.71702E-09  3.63247E-09 -2.90133E-10 -4.19001E-10
  3.750E+01  1.03323E-01 -7.64141E-09  3.30277E-09 -2.91635E-10 -4.22709E-10
  3.800E+01  1.05995E-01 -7.55903E-09  2.98193E-09 -2.93060E-10 -4.26345E-10
  3.850E+01  1.08696E-01 -7.46999E-09  2.66973E-09 -2.94418E-10 -4.29908E-10
  3.900E+01  1.11427E-01 -7.37441E-09  2.36600E-09 -2.95689E-10 -4.33399E-10
  3.950E+01  1.14188E-01 -7.27253E-09  2.07056E-09 -2.96893E-10 -4.36817E-10
  4.000E+01  1.16978E-01 -7.16439E-09  1.78327E-09 -2.98023E-10 -4.40161E-10
  4.050E+01  1.19797E-01 -7.05023E-09  1.50400E-09 -2.99071E-10 -4.43430E-10
  4.100E+01  1.22645E-01 -6.93018E-09  1.23264E-09 -3.00057E-10 -4.46626E-10
  4.150E+01  1.25522E-01 -6.80439E-09  9.69100E-10 -3.00961E-10 -4.49746E-10
  4.200E+01  1.28428E-01 -6.67304E-09  7.13291E-10 -3.01794E-10 -4.52791E-10
  4.250E+01  1.31361E-01 -6.53629E-09  4.65150E-10 -3.02562E-10 -4.55761E-10
  4.300E+01  1.34323E-01 -6.39433E-09  2.24621E-10 -3.03247E-10 -4.58655E-10
  4.350E+01  1.37313E-01 -6.24732E-09 -8.33976E-12 -3.03872E-10 -4.61472E-10
  4.400E+01  1.40330E-01 -6.09549E-09 -2.33767E-10 -3.04424E-10 -4.64213E-10
  4.450E+01  1.43375E-01 -5.93897E-09 -4.51688E-10 -3.04900E-10 -4.66878E-10
  4.500E+01  1.46447E-01 -5.77803E-09 -6.62120E-10 -3.05320E-10 -4.69465E-10
  4.550E+01  1.49545E-01 -5.61284E-09 -8.65078E-10 -3.05661E-10 -4.71975E-10
  4.600E+01  1.52671E-01 -5.44360E-09 -1.06057E-09 -3.05940E-10 -4.74408E-10
  4.650E+01  1.55823E-01 -5.27059E-09 -1.24860E-09 -3.06157E-10 -4.76763E-10
  4.700E+01  1.59001E-01 -5.09393E-09 -1.42917E-09 -3.06297E-10 -4.79041E-10
  4.750E+01  1.62205E-01 -4.91398E-09 -1.60229E-09 -3.06387E-10 -4.81240E-10
  4.800E+01  1.65435E-01 -4.73086E-09 -1.76796E-09 -3.06405E-10 -4.83362E-10
  4.850E+01  1.68690E-01 -4.54486E-09 -1.92617E-09 -3.06359E-10 -4.85405E-10
  4.900E+01  1.71970E-01 -4.35626E-09 -2.07693E-09 -3.06263E-10 -4.87371E-10
  4.950E+01  1.75276E-01 -4.16520E-09 -2.22025E-09 -3.06092E-10 -4.89257E-10
  5.000E+01  1.78606E-01 -3.97204E-09 -2.35614E-09 -3.05871E-10 -4.91066E-10
  5.050E+01  1.81961E-01 -3.77696E-09 -2.48461E-09 -3.05593E-10 -4.92796E-10
  5.100E+01  1.85340E-01 -3.58023E-09 -2.60568E-09 -3.05246E-10 -4.94448E-10
  5.150E+01  1.88743E-01 -3.38212E-09 -2.71937E-09 -3.04859E-10 -4.96021E-10
  5.200E+01  1.92169E-01 -3.18285E-09 -2.82572E-09 -3.04406E-10 -4.97516E-10
  5.250E+01  1.95619E-01 -2.98268E-09 -2.92475E-09 -3.03901E-10 -4.98932E-10
  5.300E+01  1.99092E-01 -2.78188E-09 -3.01651E-09 -3.03352E-10 -5.00270E-10
  5.350E+01  2.02589E-01 -2.58066E-09 -3.10104E-09 -3.02737E-10 -5.01530E-10
  5.400E+01  2.06107E-01 -2.37929E-09 -3.17840E-09 -3.02084E-10 -5.02712E-10
  5.450E+01  2.09649E-01 -2.17802E-09 -3.24866E-09 -3.01380E-10 -5.03816E-10
  5.500E+01  2.13212E-01 -1.97703E-09 -3.31187E-09 -3.00619E-10 -5.04842E-10
  5.550E+01  2.16797E-01 -1.77666E-09 -3.36812E-09 -2.99828E-10 -5.05790E-10
  5.600E+01  2.20404E-01 -1.57701E-09 -3.41750E-09 -2.98977E-10 -5.06661E-10
  5.650E+01  2.24032E-01 -1.37840E-09 -3.46008E-09 -2.98088E-10 -5.07454E-10
  5.700E+01  2.27680E-01 -1.18102E-09 -3.49596E-09 -2.97164E-10 -5.08170E-10
  5.750E+01  2.31350E-01 -9.85045E-10 -3.52526E-09 -2.96182E-10 -5.08810E-10
  5.800E+01  2.35040E-01 -7.90743E-10 -3.54808E-09 -2.95177E-10 -5.09373E-10
  5.850E+01  2.38751E-01 -5.98254E-10 -3.56454E-09 -2.94126E-10 -5.09859E-10
  5.900E+01  2.42481E-01 -4.07799E-10 -3.57476E-09 -2.93033E-10 -5.10270E-10
  5.950E+01  2.46231E-01 -2.19564E-10 -3.57887E-09 -2.91919E-10 -5.10604E-10
  6.000E+01  2.50000E-01 -3.37055E-11 -3.57700E-09 -2.90754E-10 -5.10864E-10
  6.050E+01  2.53788E-01  1.49601E-10 -3.56930E-09 -2.89565E-10 -5.11048E-10
  6.100E+01  2.57595E-01  3.30167E-10 -3.55591E-09 -2.88348E-10 -5.11158E-10
  6.150E+01  2.61421E-01  5.07908E-10 -3.53698E-09 -2.87087E-10 -5.11193E-10
  6.200E+01  2.65264E-01  6.82586E-10 -3.51267E-09 -2.85815E-10 -5.11154E-10
  6.250E+01  2.69126E-01  8.54152E-10 -3.48312E-09 -2.84503E-10 -5.11042E-10
  6.300E+01  2.73005E-01  1.02243E-09 -3.44851E-09 -2.83165E-10 -5.10857E-10
  6.350E+01  2.76901E-01  1.18729E-09 -3.40900E-09 -2.81816E-10 -5.10599E-10
  6.400E+01  2.80814E-01  1.34866E-09 -3.36475E-09 -2.80424E-10 -5.10269E-10
  6.450E+01  2.84744E-01  1.50640E-09 -3.31593E-09 -2.79026E-10 -5.09868E-10
  6.500E+01  2.88691E-01  1.66043E-09 -3.26272E-09 -2.77604E-10 -5.09395E-10
  6.550E+01  2.92653E-01  1.81067E-09 -3.20529E-09 -2.76153E-10 -5.08852E-10
  6.600E+01  2.96632E-01  1.95699E-09 -3.14382E-09 -2.74702E-10 -5.08239E-10
  6.650E+01  3.00625E-01  2.09937E-09 -3.07847E-09 -2.73220E-10 -5.07556E-10
  6.700E+01  3.04634E-01  2.23773E-09 -3.00943E-09 -2.71727E-10 -5.06805E-10
  6.750E+01  3.08658E-01  2.37197E-09 -2.93687E-09 -2.70230E-10 -5.05985E-10
  6.800E+01  3.12697E-01  2.50210E-09 -2.86096E-09 -2.68702E-10 -5.05097E-10
  6.850E+01  3.16749E-01  2.62800E-09 -2.78190E-09 -2.67182E-10 -5.04142E-10
  6.900E+01  3.20816E-01  2.74969E-09 -2.69985E-09 -2.65644E-10 -5.03120E-10
  6.950E+01  3.24896E-01  2.86711E-09 -2.61498E-09 -2.64092E-10 -5.02033E-10
  7.000E+01  3.28990E-01  2.98022E-09 -2.52747E-09 -2.62551E-10 -5.00881E-10
  7.050E+01  3.33097E-01  3.08901E-09 -2.43750E-09 -2.60985E-10 -4.99664E-10
  7.100E+01  3.37216E-01  3.19346E-09 -2.34523E-09 -2.59425E-10 -4.98383E-10
  7.150E+01  3.41348E-01  3.29354E-09 -2.25084E-09 -2.57867E-10 -4.97039E-10
  7.200E+01  3.45492E-01  3.38929E-09 -2.15449E-09 -2.56290E-10 -4.95632E-10
  7.250E+01  3.49647E-01  3.48062E-09 -2.05635E-09 -2.54733E-10 -4.94164E-10
  7.300E+01  3.53814E-01  3.56762E-09 -1.95658E-09 -2.53165E-10 -4.92635E-10
  7.350E+01  3.57992E-01  3.65025E-09 -1.85535E-09 -2.51596E-10 -4.91046E-10
  7.400E+01  3.62181E-01  3.72851E-09 -1.75281E-09 -2.50047E-10 -4.89397E-10
  7.450E+01  3.66381E-01  3.80245E-09 -1.64913E-09 -2.48481E-10 -4.87690E-10
  7.500E+01  3.70590E-01  3.87205E-09 -1.54444E-09 -2.46936E-10 -4.85924E-10
  7.550E+01  3.74810E-01  3.93734E-09 -1.43891E-09 -2.45397E-10 -4.84102E-10
  7.600E+01  3.79039E-01  3.99838E-09 -1.33269E-09 -2.43852E-10 -4.82223E-10
  7.650E+01  3.83277E-01  4.05513E-09 -1.22591E-09 -2.42337E-10 -4.80289E-10
  7.700E+01  3.87524E-01  4.10769E-09 -1.11872E-09 -2.40816E-10 -4.78301E-10
  7.750E+01  3.91780E-01  4.15604E-09 -1.01127E-09 -2.39309E-10 -4.76258E-10
  7.800E+01  3.96044E-01  4.20023E-09 -9.03678E-10 -2.37826E-10 -4.74163E-10
  7.850E+01  4.00316E-01  4.24033E-09 -7.96091E-10 -2.36335E-10 -4.72015E-10
  7.900E+01  4.04596E-01  4.27633E-09 -6.88633E-10 -2.34878E-10 -4.69816E-10
  7.950E+01  4.08882E-01  4.30831E-09 -5.81434E-10 -2.33429E-10 -4.67567E-10
  8.000E+01  4.13176E-01  4.33631E-09 -4.74615E-10 -2.31987E-10 -4.65268E-10
  8.050E+01  4.17476E-01  4.36035E-09 -3.68299E-10 -2.30583E-10 -4.62921E-10
  8.100E+01  4.21783E-01  4.38053E-09 -2.62602E-10 -2.29175E-10 -4.60526E-10
  8.150E+01  4.26095E-01  4.39686E-09 -1.57638E-10 -2.27796E-10 -4.58085E-10
  8.200E+01  4.30413E-01  4.40940E-09 -5.35190E-11 -2.26444E-10 -4.55597E-10
  8.250E+01  4.34737E-01  4.41825E-09  4.96479E-11 -2.25092E-10 -4.53065E-10
  8.300E+01  4.39065E-01  4.42340E-09  1.51758E-10 -2.23783E-10 -4.50489E-10
  8.350E+01  4.43398E-01  4.42497E-09  2.52710E-10 -2.22484E-10 -4.47869E-10
  8.400E+01  4.47736E-01  4.42298E-09  3.52406E-10 -2.21203E-10 -4.45207E-10
  8.450E+01  4.52077E-01  4.41751E-09  4.50750E-10 -2.19965E-10 -4.42505E-10
  8.500E+01  4.56422E-01  4.40864E-09  5.47652E-10 -2.18727E-10 -4.39761E-10
  8.550E+01  4.60770E-01  4.39641E-09  6.43023E-10 -2.17528E-10 -4.36979E-10
  8.600E+01  4.65122E-01  4.38089E-09  7.36778E-10 -2.16357E-10 -4.34158E-10
  8.650E+01  4.69476E-01  4.36219E-09  8.28834E-10 -2.15193E-10 -4.31300E-10
  8.700E+01  4.73832E-01  4.34032E-09  9.19113E-10 -2.14080E-10 -4.28406E-10
  8.750E+01  4.78190E-01  4.31540E-09  1.00754E-09 -2.12976E-10 -4.25476E-10
  8.800E+01  4.82550E-01  4.28749E-09  1.09404E-09 -2.11900E-10 -4.22511E-10
  8.850E+01  4.86912E-01  4.25664E-09  1.17854E-09 -2.10868E-10 -4.19513E-10
  8.900E+01  4.91274E-01  4.22298E-09  1.26099E-09 -2.09839E-10 -4.16483E-10
  8.950E+01  4.95637E-01  4.18653E-09  1.34131E-09 -2.08859E-10 -4.13421E-10
  9.000E+01  5.00000E-01  4.14742E-09  1.41944E-09 -2.07903E-10 -4.10328E-10
  9.050E+01  5.04363E-01  4.10570E-09  1.49534E-09 -2.06962E-10 -4.07206E-10
  9.100E+01  5.08726E-01  4.06144E-09  1.56894E-09 -2.06075E-10 -4.04055E-10
  9.150E+01  5.13088E-01  4.01477E-09  1.64020E-09 -2.05195E-10 -4.00877E-10
  9.200E+01  5.17450E-01  3.96572E-09  1.70906E-09 -2.04353E-10 -3.97672E-10
  9.250E+01  5.21810E-01  3.91440E-09  1.77549E-09 -2.03552E-10 -3.94441E-10
  9.300E+01  5.26168E-01  3.86091E-09  1.83944E-09 -2.02756E-10 -3.91186E-10
  9.350E+01  5.30524E-01  3.80530E-09  1.90087E-09 -2.02015E-10 -3.87907E-10
  9.400E+01  5.34878E-01  3.74767E-09  1.95976E-09 -2.01293E-10 -3.84605E-10
  9.450E+01  5.39230E-01  3.68813E-09  2.01606E-09 -2.00592E-10 -3.81282E-10
  9.500E+01  5.43578E-01  3.62673E-09  2.06974E-09 -1.99946E-10 -3.77937E-10
  9.550E+01  5.47923E-01  3.56360E-09  2.12079E-09 -1.99303E-10 -3.74573E-10
  9.600E+01  5.52264E-01  3.49879E-09  2.16918E-09 -1.98705E-10 -3.71190E-10
  9.650E+01  5.56602E-01  3.43240E-09  2.21489E-09 -1.98142E-10 -3.67789E-10
  9.700E+01  5.60935E-01  3.36455E-09  2.25790E-09 -1.97587E-10 -3.64372E-10
  9.750E+01  5.65263E-01  3.29528E-09  2.29820E-09 -1.97089E-10 -3.60938E-10
  9.800E+01  5.69587E-01  3.22472E-09  2.33578E-09 -1.96602E-10 -3.57490E-10
  9.850E+01  5.73905E-01  3.15294E-09  2.37063E-09 -1.96143E-10 -3.54027E-10
  9.900E+01  5.78217E-01  3.08002E-09  2.40273E-09 -1.95734E-10 -3.50552E-10
  9.950E+01  5.82524E-01  3.00609E-09  2.43210E-09 -1.95325E-10 -3.47064E-10
  1.000E+02  5.86824E-01  2.93120E-09  2.45874E-09 -1.94965E-10 -3.43565E-10
  1.005E+02  5.91118E-01  2.85545E-09  2.48263E-09 -1.94631E-10 -3.40056E-10
  1.010E+02  5.95404E-01  2.77895E-09  2.50380E-09 -1.94307E-10 -3.36538E-10
  1.015E+02  5.99684E-01  2.70175E-09  2.52224E-09 -1.94038E-10 -3.33011E-10
  1.020E+02  6.03956E-01  2.62398E-09  2.53798E-09 -1.93773E-10 -3.29477E-10
  1.025E+02  6.08220E-01  2.54570E-09  2.55101E-09 -1.93540E-10 -3.25936E-10
  1.030E+02  6.12476E-01  2.46699E-09  2.56137E-09 -1.93348E-10 -3.22390E-10
  1.035E+02  6.16723E-01  2.38799E-09  2.56906E-09 -1.93153E-10 -3.18839E-10
  1.040E+02  6.20961E-01  2.30871E-09  2.57412E-09 -1.93009E-10 -3.15284E-10
  1.045E+02  6.25190E-01  2.22929E-09  2.57656E-09 -1.92879E-10 -3.11727E-10
  1.050E+02  6.29410E-01  2.14981E-09  2.57640E-09 -1.92762E-10 -3.08167E-10
  1.055E+02  6.33619E-01  2.07031E-09  2.57369E-09 -1.92694E-10 -3.04606E-10
  1.060E+02  6.37819E-01  1.99093E-09  2.56844E-09 -1.92621E-10 -3.01044E-10
  1.065E+02  6.42008E-01  1.91170E-09  2.56069E-09 -1.92583E-10 -2.97484E-10
  1.070E+02  6.46186E-01  1.83273E-09  2.55048E-09 -1.92574E-10 -2.93924E-10
  1.075E+02  6.50353E-01  1.75411E-09  2.53784E-09 -1.92559E-10 -2.90367E-10
  1.080E+02  6.54508E-01  1.67586E-09  2.52281E-09 -1.92594E-10 -2.86813E-10
  1.085E+02  6.58652E-01  1.59812E-09  2.50543E-09 -1.92630E-10 -2.83262E-10
  1.090E+02  6.62784E-01  1.52094E-09  2.48575E-09 -1.92679E-10 -2.79716E-10
  1.095E+02  6.66903E-01  1.44437E-09  2.46380E-09 -1.92770E-10 -2.76176E-10
  1.100E+02  6.71010E-01  1.36853E-09  2.43964E-09 -1.92846E-10 -2.72642E-10
  1.105E+02  6.75104E-01  1.29344E-09  2.41331E-09 -1.92959E-10 -2.69115E-10
  1.110E+02  6.79184E-01  1.21919E-09  2.38486E-09 -1.93085E-10 -2.65596E-10
  1.115E+02  6.83251E-01  1.14586E-09  2.35433E-09 -1.93205E-10 -2.62085E-10
  1.120E+02  6.87303E-01  1.07347E-09  2.32180E-09 -1.93368E-10 -2.58584E-10
  1.125E+02  6.91342E-01  1.00213E-09  2.28729E-09 -1.93519E-10 -2.55093E-10
  1.130E+02  6.95366E-01  9.31889E-10  2.25088E-09 -1.93685E-10 -2.51612E-10
  1.135E+02  6.99375E-01  8.62779E-10  2.21261E-09 -1.93880E-10 -2.48143E-10
  1.140E+02  7.03368E-01  7.94896E-10  2.17255E-09 -1.94051E-10 -2.44686E-10
  1.145E+02  7.07347E-01  7.28263E-10  2.13074E-09 -1.94259E-10 -2.41242E-10
  1.150E+02  7.11309E-01  6.62946E-10  2.08726E-09 -1.94465E-10 -2.37811E-10
  1.155E+02  7.15256E-01  5.99003E-10  2.04215E-09 -1.94662E-10 -2.34395E-10
  1.160E+02  7.19186E-01  5.36462E-10  1.99547E-09 -1.94895E-10 -2.30994E-10
  1.165E+02  7.23099E-01  4.75396E-10  1.94730E-09 -1.95101E-10 -2.27608E-10
  1.170E+02  7.26995E-01  4.15827E-10  1.89768E-09 -1.95323E-10 -2.24238E-10
  1.175E+02  7.30874E-01  3.57806E-10  1.84669E-09 -1.95559E-10 -2.20885E-10
  1.180E+02  7.34736E-01  3.01388E-10  1.79437E-09 -1.95766E-10 -2.17549E-10
  1.185E+02  7.38579E-01  2.46577E-10  1.74080E-09 -1.96005E-10 -2.14232E-10
  1.190E+02  7.42405E-01  1.93445E-10  1.68604E-09 -1.96225E-10 -2.10932E-10
  1.195E+02  7.46212E-01  1.42013E-10  1.63015E-09 -1.96436E-10 -2.07652E-10
  1.200E+02  7.50000E-01  9.22918E-11  1.57320E-09 -1.96671E-10 -2.04392E-10
  1.205E+02  7.53769E-01  4.43548E-11  1.51524E-09 -1.96868E-10 -2.01152E-10
  1.210E+02  7.57519E-01 -1.80684E-12  1.45634E-09 -1.97081E-10 -1.97932E-10
  1.215E+02  7.61249E-01 -4.61610E-11  1.39656E-09 -1.97290E-10 -1.94734E-10
  1.220E+02  7.64960E-01 -8.86612E-11  1.33597E-09 -1.97466E-10 -1.91557E-10
  1.225E+02  7.68650E-01 -1.29320E-10  1.27462E-09 -1.97668E-10 -1.88403E-10
  1.230E+02  7.72320E-01 -1.68091E-10  1.21258E-09 -1.97834E-10 -1.85272E-10
  1.235E+02  7.75968E-01 -2.04970E-10  1.14992E-09 -1.97992E-10 -1.82163E-10
  1.240E+02  7.79596E-01 -2.39946E-10  1.08669E-09 -1.98160E-10 -1.79078E-10
  1.245E+02  7.83203E-01 -2.72983E-10  1.02294E-09 -1.98280E-10 -1.76017E-10
  1.250E+02  7.86788E-01 -3.04105E-10  9.58757E-10 -1.98415E-10 -1.72981E-10
  1.255E+02  7.90351E-01 -3.33278E-10  8.94181E-10 -1.98527E-10 -1.69970E-10
  1.260E+02  7.93893E-01 -3.60489E-10  8.29276E-10 -1.98604E-10 -1.66983E-10
  1.265E+02  7.97411E-01 -3.85768E-10  7.64100E-10 -1.98699E-10 -1.64023E-10
  1.270E+02  8.00908E-01 -4.09074E-10  6.98710E-10 -1.98743E-10 -1.61088E-10
  1.275E+02  8.04381E-01 -4.30423E-10  6.33162E-10 -1.98780E-10 -1.58180E-10
  1.280E+02  8.07831E-01 -4.49824E-10  5.67512E-10 -1.98812E-10 -1.55299E-10
  1.285E+02  8.11257E-01 -4.67257E-10  5.01814E-10 -1.98787E-10 -1.52444E-10
  1.290E+02  8.14660E-01 -4.82756E-10  4.36121E-10 -1.98776E-10 -1.49617E-10
  1.295E+02  8.18039E-01 -4.96300E-10  3.70486E-10 -1.98724E-10 -1.46817E-10
  1.300E+02  8.21394E-01 -5.07908E-10  3.04959E-10 -1.98637E-10 -1.44045E-10
  1.305E+02  8.24724E-01 -5.17608E-10  2.39592E-10 -1.98558E-10 -1.41302E-10
  1.310E+02  8.28030E-01 -5.25376E-10  1.74431E-10 -1.98414E-10 -1.38586E-10
  1.315E+02  8.31310E-01 -5.31253E-10  1.09526E-10 -1.98266E-10 -1.35900E-10
  1.320E+02  8.34565E-01 -5.35252E-10  4.49224E-11 -1.98095E-10 -1.33242E-10
  1.325E+02  8.37795E-01 -5.37373E-10 -1.93346E-11 -1.97864E-10 -1.30614E-10
  1.330E+02  8.40999E-01 -5.37660E-10 -8.32014E-11 -1.97643E-10 -1.28014E-10
  1.335E+02  8.44177E-01 -5.36105E-10 -1.46636E-10 -1.97363E-10 -1.25444E-10
  1.340E+02  8.47329E-01 -5.32748E-10 -2.09596E-10 -1.97052E-10 -1.22904E-10
  1.345E+02  8.50455E-01 -5.27621E-10 -2.72043E-10 -1.96736E-10 -1.20393E-10
  1.350E+02  8.53553E-01 -5.20716E-10 -3.33939E-10 -1.96346E-10 -1.17913E-10
  1.355E+02  8.56625E-01 -5.12090E-10 -3.95246E-10 -1.95954E-10 -1.15462E-10
  1.360E+02  8.59670E-01 -5.01759E-10 -4.55930E-10 -1.95521E-10 -1.13042E-10
  1.365E+02  8.62687E-01 -4.89745E-10 -5.15956E-10 -1.95028E-10 -1.10652E-10
  1.370E+02  8.65677E-01 -4.76100E-10 -5.75292E-10 -1.94540E-10 -1.08292E-10
  1.375E+02  8.68639E-01 -4.60824E-10 -6.33908E-10 -1.93979E-10 -1.05962E-10
  1.380E+02  8.71572E-01 -4.43972E-10 -6.91774E-10 -1.93391E-10 -1.03663E-10
  1.385E+02  8.74478E-01 -4.25582E-10 -7.48862E-10 -1.92785E-10 -1.01395E-10
  1.390E+02  8.77355E-01 -4.05664E-10 -8.05146E-10 -1.92098E-10 -9.91569E-11
  1.395E+02  8.80203E-01 -3.84281E-10 -8.60601E-10 -1.91412E-10 -9.69495E-11
  1.400E+02  8.83022E-01 -3.61451E-10 -9.15203E-10 -1.90669E-10 -9.47727E-11
  1.405E+02  8.85812E-01 -3.37215E-10 -9.68931E-10 -1.89869E-10 -9.26265E-11
  1.410E+02  8.88573E-01 -3.11633E-10 -1.02176E-09 -1.89067E-10 -9.05109E-11
  1.415E+02  8.91304E-01 -2.84712E-10 -1.07369E-09 -1.88181E-10 -8.84257E-11
  1.420E+02  8.94005E-01 -2.56515E-10 -1.12467E-09 -1.87275E-10 -8.63711E-11
  1.425E+02  8.96677E-01 -2.27081E-10 -1.17472E-09 -1.86336E-10 -8.43468E-11
  1.430E+02  8.99318E-01 -1.96437E-10 -1.22380E-09 -1.85315E-10 -8.23529E-11
  1.435E+02  9.01928E-01 -1.64657E-10 -1.27191E-09 -1.84297E-10 -8.03893E-11
  1.440E+02  9.04508E-01 -1.31755E-10 -1.31903E-09 -1.83206E-10 -7.84558E-11
  1.445E+02  9.07058E-01 -9.77839E-11 -1.36516E-09 -1.82066E-10 -7.65523E-11
  1.450E+02  9.09576E-01 -6.28025E-11 -1.41028E-09 -1.80917E-10 -7.46789E-11
  1.455E+02  9.12063E-01 -2.68323E-11 -1.45440E-09 -1.79675E-10 -7.28352E-11
  1.460E+02  9.14519E-01  1.00542E-11 -1.49749E-09 -1.78422E-10 -7.10212E-11
  1.465E+02  9.16943E-01  4.78236E-11 -1.53957E-09 -1.77120E-10 -6.92367E-11
  1.470E+02  9.19335E-01  8.64386E-11 -1.58062E-09 -1.75742E-10 -6.74816E-11
  1.475E+02  9.21696E-01  1.25828E-10 -1.62064E-09 -1.74367E-10 -6.57556E-11
  1.480E+02  9.24024E-01  1.65968E-10 -1.65963E-09 -1.72905E-10 -6.40586E-11
  1.485E+02  9.26320E-01  2.06795E-10 -1.69760E-09 -1.71407E-10 -6.23904E-11
  1.490E+02  9.28584E-01  2.48255E-10 -1.73455E-09 -1.69889E-10 -6.07507E-11
  1.495E+02  9.30815E-01  2.90324E-10 -1.77047E-09 -1.68276E-10 -5.91394E-11
  1.500E+02  9.33013E-01  3.32926E-10 -1.80537E-09 -1.66661E-10 -5.75563E-11
  1.505E+02  9.35178E-01  3.76029E-10 -1.83926E-09 -1.64984E-10 -5.60010E-11
  1.510E+02  9.37310E-01  4.19585E-10 -1.87214E-09 -1.63238E-10 -5.44733E-11
  1.515E+02  9.39409E-01  4.63524E-10 -1.90402E-09 -1.61495E-10 -5.29730E-11
  1.520E+02  9.41474E-01  5.07822E-10 -1.93491E-09 -1.59656E-10 -5.14997E-11
  1.525E+02  9.43505E-01  5.52414E-10 -1.96482E-09 -1.57795E-10 -5.00533E-11
  1.530E+02  9.45503E-01  5.97252E-10 -1.99375E-09 -1.55904E-10 -4.86333E-11
  1.535E+02  9.47467E-01  6.42304E-10 -2.02173E-09 -1.53919E-10 -4.72396E-11
  1.540E+02  9.49397E-01  6.87495E-10 -2.04875E-09 -1.51943E-10 -4.58717E-11
  1.545E+02  9.51293E-01  7.32797E-10 -2.07484E-09 -1.49891E-10 -4.45294E-11
  1.550E+02  9.53154E-01  7.78154E-10 -2.10001E-09 -1.47785E-10 -4.32123E-11
  1.555E+02  9.54981E-01  8.23506E-10 -2.12426E-09 -1.45679E-10 -4.19202E-11
  1.560E+02  9.56773E-01  8.68830E-10 -2.14762E-09 -1.43471E-10 -4.06525E-11
  1.565E+02  9.58530E-01  9.14057E-10 -2.17010E-09 -1.41259E-10 -3.94091E-11
  1.570E+02  9.60252E-01  9.59148E-10 -2.19172E-09 -1.39004E-10 -3.81894E-11
  1.575E+02  9.61940E-01  1.00406E-09 -2.21248E-09 -1.36665E-10 -3.69932E-11
  1.580E+02  9.63592E-01  1.04874E-09 -2.23242E-09 -1.34343E-10 -3.58200E-11
  1.585E+02  9.65209E-01  1.09315E-09 -2.25155E-09 -1.31932E-10 -3.46695E-11
  1.590E+02  9.66790E-01  1.13724E-09 -2.26988E-09 -1.29487E-10 -3.35413E-11
  1.595E+02  9.68336E-01  1.18095E-09 -2.28743E-09 -1.27038E-10 -3.24349E-11
  1.600E+02  9.69846E-01  1.22427E-09 -2.30423E-09 -1.24487E-10 -3.13499E-11
  1.605E+02  9.71321E-01  1.26712E-09 -2.32028E-09 -1.21949E-10 -3.02859E-11
  1.610E+02  9.72759E-01  1.30948E-09 -2.33562E-09 -1.19357E-10 -2.92425E-11
  1.615E+02  9.74162E-01  1.35131E-09 -2.35025E-09 -1.16694E-10 -2.82193E-11
  1.620E+02  9.75528E-01  1.39255E-09 -2.36420E-09 -1.14056E-10 -2.72158E-11
  1.625E+02  9.76858E-01  1.43317E-09 -2.37748E-09 -1.11320E-10 -2.62315E-11
  1.630E+02  9.78152E-01  1.47313E-09 -2.39012E-09 -1.08573E-10 -2.52660E-11
  1.635E+02  9.79410E-01  1.51239E-09 -2.40214E-09 -1.05815E-10 -2.43188E-11
  1.640E+02  9.80631E-01  1.55092E-09 -2.41355E-09 -1.02959E-10 -2.33894E-11
  1.645E+02  9.81815E-01  1.58866E-09 -2.42437E-09 -1.00136E-10 -2.24775E-11
  1.650E+02  9.82963E-01  1.62560E-09 -2.43463E-09 -9.72451E-11 -2.15824E-11
  1.655E+02  9.84074E-01  1.66168E-09 -2.44434E-09 -9.43039E-11 -2.07037E-11
  1.660E+02  9.85148E-01  1.69688E-09 -2.45352E-09 -9.13939E-11 -1.98410E-11
  1.665E+02  9.86185E-01  1.73117E-09 -2.46219E-09 -8.83776E-11 -1.89936E-11
  1.670E+02  9.87185E-01  1.76450E-09 -2.47037E-09 -8.53787E-11 -1.81612E-11
  1.675E+02  9.88148E-01  1.79685E-09 -2.47807E-09 -8.23589E-11 -1.73431E-11
  1.680E+02  9.89074E-01  1.82819E-09 -2.48532E-09 -7.92500E-11 -1.65390E-11
  1.685E+02  9.89962E-01  1.85849E-09 -2.49213E-09 -7.61969E-11 -1.57482E-11
  1.690E+02  9.90814E-01  1.88771E-09 -2.49851E-09 -7.30579E-11 -1.49702E-11
  1.695E+02  9.91627E-01  1.91584E-09 -2.50448E-09 -6.98968E-11 -1.42046E-11
  1.700E+02  9.92404E-01  1.94283E-09 -2.51007E-09 -6.67699E-11 -1.34507E-11
  1.705E+02  9.93143E-01  1.96868E-09 -2.51528E-09 -6.35298E-11 -1.27081E-11
  1.710E+02  9.93844E-01  1.99335E-09 -2.52013E-09 -6.03419E-11 -1.19761E-11
  1.715E+02  9.94508E-01  2.01682E-09 -2.52463E-09 -5.71170E-11 -1.12544E-11
  1.720E+02  9.95134E-01  2.03907E-09 -2.52880E-09 -5.38182E-11 -1.05422E-11
  1.725E+02  9.95722E-01  2.06007E-09 -2.53265E-09 -5.05994E-11 -9.83915E-12
  1.730E+02  9.96273E-01  2.07982E-09 -2.53619E-09 -4.72717E-11 -9.14459E-12
  1.735E+02  9.96786E-01  2.09828E-09 -2.53944E-09 -4.39601E-11 -8.45799E-12
  1.740E+02  9.97261E-01  2.11545E-09 -2.54240E-09 -4.06820E-11 -7.77878E-12
  1.745E+02  9.97698E-01  2.13130E-09 -2.54508E-09 -3.72802E-11 -7.10643E-12
  1.750E+02  9.98097E-01  2.14582E-09 -2.54750E-09 -3.39793E-11 -6.44035E-12
  1.755E+02  9.98459E-01  2.15900E-09 -2.54966E-09 -3.06121E-11 -5.77998E-12
  1.760E+02  9.98782E-01  2.17083E-09 -2.55158E-09 -2.71919E-11 -5.12477E-12
  1.765E+02  9.99067E-01  2.18129E-09 -2.55325E-09 -2.38885E-11 -4.47413E-12
  1.770E+02  9.99315E-01  2.19038E-09 -2.55468E-09 -2.04274E-11 -3.82751E-12
  1.775E+02  9.99524E-01  2.19808E-09 -2.55589E-09 -1.70484E-11 -3.18433E-12
  1.780E+02  9.99695E-01  2.20439E-09 -2.55687E-09 -1.36981E-11 -2.54402E-12
  1.785E+02  9.99829E-01  2.20931E-09 -2.55763E-09 -1.01757E-11 -1.90600E-12
  1.790E+02  9.99924E-01  2.21282E-09 -2.55817E-09 -6.88861E-12 -1.26971E-12
  1.795E+02  9.99981E-01  2.21493E-09 -2.55849E-09 -3.40895E-12 -6.34569E-13
  1.800E+02  1.00000E+00  2.21563E-09 -2.55860E-09 -5.58722E-26 -8.90382E-27
