 #  Scattering field.
 #  All quantities in atomic units (a.u.), unless otherwise indicated.
 #  Z =  80, NELEC =  80,   projectile: electron
 #  Kinetic energy = 3.67493E+01 a.u. = 1.00000E+03 eV
 #
 #   i       r           r*V         r*Vst        r*Vex       r*Vpol       r*Wabs        rho_e
 #------------------------------------------------------------------------------------------------
     1  0.00000E+00 -0.00000E+00 -0.00000E+00  0.00000E+00 -0.00000E+00  0.00000E+00  2.41744E+06
     2  1.19557E-06 -1.15496E+00 -1.15495E+00 -9.39888E-06 -8.67633E-08 -4.04173E-05  2.41744E+06
     3  2.41534E-06 -2.33304E+00 -2.33302E+00 -1.88172E-05 -1.75282E-07 -8.12887E-05  2.39546E+06
     4  3.65979E-06 -3.53447E+00 -3.53444E+00 -2.82922E-05 -2.65592E-07 -1.22694E-04  2.37655E+06
     5  4.92941E-06 -4.75941E+00 -4.75937E+00 -3.78600E-05 -3.57730E-07 -1.64712E-04  2.36053E+06
     6  6.22473E-06 -6.00804E+00 -6.00799E+00 -4.75550E-05 -4.51731E-07 -2.07420E-04  2.34722E+06
     7  7.54626E-06 -7.28048E+00 -7.28042E+00 -5.74101E-05 -5.47635E-07 -2.50887E-04  2.33642E+06
     8  8.89453E-06 -8.57684E+00 -8.57677E+00 -6.74555E-05 -6.45480E-07 -2.95190E-04  2.32791E+06
     9  1.02701E-05 -9.89718E+00 -9.89710E+00 -7.77183E-05 -7.45304E-07 -3.40366E-04  2.32142E+06
    10  1.16735E-05 -1.12415E+01 -1.12415E+01 -8.82217E-05 -8.47148E-07 -3.86487E-04  2.31669E+06
    11  1.31052E-05 -1.26099E+01 -1.26098E+01 -9.89835E-05 -9.51053E-07 -4.33586E-04  2.31341E+06
    12  1.45660E-05 -1.40022E+01 -1.40021E+01 -1.10016E-04 -1.05706E-06 -4.81683E-04  2.31121E+06
    13  1.60563E-05 -1.54184E+01 -1.54183E+01 -1.21321E-04 -1.16521E-06 -5.30787E-04  2.30969E+06
    14  1.75768E-05 -1.68583E+01 -1.68582E+01 -1.32895E-04 -1.27555E-06 -5.80883E-04  2.30840E+06
    15  1.91280E-05 -1.83217E+01 -1.83216E+01 -1.44729E-04 -1.38813E-06 -6.31950E-04  2.30701E+06
    16  2.07106E-05 -1.98083E+01 -1.98082E+01 -1.56830E-04 -1.50298E-06 -6.83998E-04  2.30547E+06
    17  2.23252E-05 -2.13178E+01 -2.13176E+01 -1.69209E-04 -1.62015E-06 -7.37042E-04  2.30377E+06
    18  2.39726E-05 -2.28498E+01 -2.28496E+01 -1.81874E-04 -1.73970E-06 -7.91094E-04  2.30192E+06
    19  2.56532E-05 -2.44037E+01 -2.44035E+01 -1.94836E-04 -1.86166E-06 -8.46168E-04  2.29990E+06
    20  2.73678E-05 -2.59790E+01 -2.59788E+01 -2.08106E-04 -1.98610E-06 -9.02277E-04  2.29770E+06
    21  2.91172E-05 -2.75750E+01 -2.75748E+01 -2.21697E-04 -2.11305E-06 -9.59432E-04  2.29532E+06
    22  3.09019E-05 -2.91910E+01 -2.91907E+01 -2.35620E-04 -2.24257E-06 -1.01765E-03  2.29275E+06
    23  3.27228E-05 -3.08259E+01 -3.08257E+01 -2.49890E-04 -2.37471E-06 -1.07693E-03  2.28998E+06
    24  3.45805E-05 -3.24790E+01 -3.24787E+01 -2.64520E-04 -2.50952E-06 -1.13729E-03  2.28700E+06
    25  3.64758E-05 -3.41489E+01 -3.41486E+01 -2.79527E-04 -2.64706E-06 -1.19875E-03  2.28380E+06
    26  3.84094E-05 -3.58344E+01 -3.58341E+01 -2.94929E-04 -2.78739E-06 -1.26131E-03  2.28039E+06
    27  4.03822E-05 -3.75341E+01 -3.75338E+01 -3.10742E-04 -2.93055E-06 -1.32499E-03  2.27674E+06
    28  4.23949E-05 -3.92464E+01 -3.92460E+01 -3.26987E-04 -3.07661E-06 -1.38978E-03  2.27285E+06
    29  4.44483E-05 -4.09695E+01 -4.09691E+01 -3.43685E-04 -3.22563E-06 -1.45571E-03  2.26871E+06
    30  4.65432E-05 -4.27015E+01 -4.27011E+01 -3.60860E-04 -3.37766E-06 -1.52277E-03  2.26431E+06
    31  4.86806E-05 -4.44402E+01 -4.44398E+01 -3.78537E-04 -3.53277E-06 -1.59098E-03  2.25965E+06
    32  5.08612E-05 -4.61832E+01 -4.61828E+01 -3.96745E-04 -3.69102E-06 -1.66034E-03  2.25471E+06
    33  5.30859E-05 -4.79281E+01 -4.79276E+01 -4.15513E-04 -3.85247E-06 -1.73086E-03  2.24949E+06
    34  5.53556E-05 -4.96718E+01 -4.96713E+01 -4.34875E-04 -4.01718E-06 -1.80254E-03  2.24398E+06
    35  5.76713E-05 -5.14113E+01 -5.14108E+01 -4.54869E-04 -4.18523E-06 -1.87538E-03  2.23817E+06
    36  6.00338E-05 -5.31432E+01 -5.31427E+01 -4.75534E-04 -4.35668E-06 -1.94940E-03  2.23206E+06
    37  6.24441E-05 -5.48638E+01 -5.48633E+01 -4.96915E-04 -4.53160E-06 -2.02458E-03  2.22563E+06
    38  6.49032E-05 -5.65692E+01 -5.65686E+01 -5.19062E-04 -4.71005E-06 -2.10094E-03  2.21889E+06
    39  6.74121E-05 -5.82548E+01 -5.82543E+01 -5.42030E-04 -4.89212E-06 -2.17847E-03  2.21181E+06
    40  6.99717E-05 -5.99161E+01 -5.99156E+01 -5.65880E-04 -5.07787E-06 -2.25717E-03  2.20441E+06
    41  7.25831E-05 -6.15480E+01 -6.15474E+01 -5.90681E-04 -5.26738E-06 -2.33704E-03  2.19667E+06
    42  7.52473E-05 -6.31450E+01 -6.31444E+01 -6.16507E-04 -5.46073E-06 -2.41807E-03  2.18859E+06
    43  7.79655E-05 -6.47014E+01 -6.47007E+01 -6.43445E-04 -5.65799E-06 -2.50027E-03  2.18017E+06
    44  8.07386E-05 -6.62109E+01 -6.62102E+01 -6.71587E-04 -5.85924E-06 -2.58363E-03  2.17139E+06
    45  8.35679E-05 -6.76669E+01 -6.76662E+01 -7.01040E-04 -6.06456E-06 -2.66813E-03  2.16227E+06
    46  8.64544E-05 -6.90627E+01 -6.90620E+01 -7.31922E-04 -6.27403E-06 -2.75378E-03  2.15280E+06
    47  8.93993E-05 -7.03912E+01 -7.03904E+01 -7.64361E-04 -6.48775E-06 -2.84057E-03  2.14298E+06
    48  9.24038E-05 -7.16451E+01 -7.16443E+01 -7.98502E-04 -6.70579E-06 -2.92848E-03  2.13281E+06
    49  9.54691E-05 -7.28173E+01 -7.28165E+01 -8.34503E-04 -6.92824E-06 -3.01752E-03  2.12230E+06
    50  9.85965E-05 -7.39011E+01 -7.39003E+01 -8.72533E-04 -7.15519E-06 -3.10767E-03  2.11145E+06
    51  1.01787E-04 -7.48904E+01 -7.48895E+01 -9.12773E-04 -7.38673E-06 -3.19892E-03  2.10027E+06
    52  1.05042E-04 -7.57801E+01 -7.57791E+01 -9.55410E-04 -7.62296E-06 -3.29126E-03  2.08876E+06
    53  1.08363E-04 -7.65668E+01 -7.65658E+01 -1.00063E-03 -7.86397E-06 -3.38468E-03  2.07694E+06
    54  1.11751E-04 -7.72495E+01 -7.72484E+01 -1.04862E-03 -8.10985E-06 -3.47918E-03  2.06481E+06
    55  1.15208E-04 -7.78296E+01 -7.78285E+01 -1.09953E-03 -8.36071E-06 -3.57476E-03  2.05239E+06
    56  1.18735E-04 -7.83118E+01 -7.83106E+01 -1.15351E-03 -8.61665E-06 -3.67142E-03  2.03970E+06
    57  1.22333E-04 -7.87033E+01 -7.87020E+01 -1.21065E-03 -8.87777E-06 -3.76915E-03  2.02674E+06
    58  1.26004E-04 -7.90137E+01 -7.90125E+01 -1.27101E-03 -9.14416E-06 -3.86797E-03  2.01354E+06
    59  1.29749E-04 -7.92544E+01 -7.92531E+01 -1.33464E-03 -9.41595E-06 -3.96789E-03  2.00011E+06
    60  1.33570E-04 -7.94371E+01 -7.94356E+01 -1.40153E-03 -9.69324E-06 -4.06894E-03  1.98648E+06
    61  1.37468E-04 -7.95728E+01 -7.95713E+01 -1.47169E-03 -9.97614E-06 -4.17115E-03  1.97266E+06
    62  1.41446E-04 -7.96718E+01 -7.96703E+01 -1.54510E-03 -1.02648E-05 -4.27446E-03  1.95867E+06
    63  1.45503E-04 -7.97427E+01 -7.97411E+01 -1.62177E-03 -1.05592E-05 -4.37897E-03  1.94453E+06
    64  1.49643E-04 -7.97926E+01 -7.97909E+01 -1.70171E-03 -1.08596E-05 -4.48468E-03  1.93026E+06
    65  1.53866E-04 -7.98269E+01 -7.98251E+01 -1.78494E-03 -1.11661E-05 -4.59161E-03  1.91588E+06
    66  1.58175E-04 -7.98501E+01 -7.98482E+01 -1.87151E-03 -1.14788E-05 -4.69978E-03  1.90140E+06
    67  1.62571E-04 -7.98652E+01 -7.98632E+01 -1.96147E-03 -1.17979E-05 -4.80921E-03  1.88683E+06
    68  1.67057E-04 -7.98746E+01 -7.98726E+01 -2.05489E-03 -1.21234E-05 -4.91993E-03  1.87221E+06
    69  1.71632E-04 -7.98801E+01 -7.98779E+01 -2.15184E-03 -1.24554E-05 -5.03195E-03  1.85752E+06
    70  1.76301E-04 -7.98828E+01 -7.98805E+01 -2.25241E-03 -1.27942E-05 -5.14528E-03  1.84280E+06
    71  1.81064E-04 -7.98836E+01 -7.98812E+01 -2.35671E-03 -1.31399E-05 -5.25996E-03  1.82805E+06
    72  1.85923E-04 -7.98831E+01 -7.98806E+01 -2.46484E-03 -1.34925E-05 -5.37600E-03  1.81328E+06
    73  1.90880E-04 -7.98817E+01 -7.98791E+01 -2.57690E-03 -1.38523E-05 -5.49341E-03  1.79850E+06
    74  1.95938E-04 -7.98797E+01 -7.98769E+01 -2.69302E-03 -1.42193E-05 -5.61222E-03  1.78372E+06
    75  2.01099E-04 -7.98772E+01 -7.98744E+01 -2.81333E-03 -1.45938E-05 -5.73245E-03  1.76895E+06
    76  2.06363E-04 -7.98745E+01 -7.98715E+01 -2.93794E-03 -1.49759E-05 -5.85412E-03  1.75420E+06
    77  2.11734E-04 -7.98715E+01 -7.98685E+01 -3.06700E-03 -1.53657E-05 -5.97720E-03  1.73947E+06
    78  2.17214E-04 -7.98684E+01 -7.98652E+01 -3.20065E-03 -1.57633E-05 -6.10177E-03  1.72477E+06
    79  2.22805E-04 -7.98652E+01 -7.98619E+01 -3.33902E-03 -1.61691E-05 -6.22781E-03  1.71010E+06
    80  2.28509E-04 -7.98619E+01 -7.98584E+01 -3.48227E-03 -1.65830E-05 -6.35534E-03  1.69548E+06
    81  2.34328E-04 -7.98585E+01 -7.98548E+01 -3.63055E-03 -1.70053E-05 -6.48439E-03  1.68090E+06
    82  2.40265E-04 -7.98550E+01 -7.98512E+01 -3.78401E-03 -1.74361E-05 -6.61496E-03  1.66637E+06
    83  2.46322E-04 -7.98514E+01 -7.98474E+01 -3.94283E-03 -1.78757E-05 -6.74706E-03  1.65190E+06
    84  2.52502E-04 -7.98477E+01 -7.98436E+01 -4.10716E-03 -1.83242E-05 -6.88071E-03  1.63748E+06
    85  2.58807E-04 -7.98440E+01 -7.98397E+01 -4.27718E-03 -1.87817E-05 -7.01596E-03  1.62312E+06
    86  2.65239E-04 -7.98402E+01 -7.98357E+01 -4.45307E-03 -1.92485E-05 -7.15275E-03  1.60883E+06
    87  2.71801E-04 -7.98363E+01 -7.98317E+01 -4.63500E-03 -1.97247E-05 -7.29114E-03  1.59460E+06
    88  2.78497E-04 -7.98324E+01 -7.98275E+01 -4.82317E-03 -2.02106E-05 -7.43111E-03  1.58044E+06
    89  2.85327E-04 -7.98283E+01 -7.98233E+01 -5.01777E-03 -2.07063E-05 -7.57270E-03  1.56635E+06
    90  2.92296E-04 -7.98242E+01 -7.98190E+01 -5.21900E-03 -2.12121E-05 -7.71589E-03  1.55233E+06
    91  2.99406E-04 -7.98200E+01 -7.98146E+01 -5.42707E-03 -2.17280E-05 -7.86070E-03  1.53839E+06
    92  3.06660E-04 -7.98158E+01 -7.98101E+01 -5.64217E-03 -2.22544E-05 -8.00714E-03  1.52452E+06
    93  3.14060E-04 -7.98114E+01 -7.98055E+01 -5.86454E-03 -2.27915E-05 -8.15519E-03  1.51072E+06
    94  3.21611E-04 -7.98070E+01 -7.98009E+01 -6.09439E-03 -2.33394E-05 -8.30488E-03  1.49701E+06
    95  3.29314E-04 -7.98025E+01 -7.97961E+01 -6.33194E-03 -2.38984E-05 -8.45619E-03  1.48337E+06
    96  3.37173E-04 -7.97978E+01 -7.97912E+01 -6.57745E-03 -2.44688E-05 -8.60914E-03  1.46981E+06
    97  3.45191E-04 -7.97931E+01 -7.97863E+01 -6.83114E-03 -2.50506E-05 -8.76371E-03  1.45633E+06
    98  3.53371E-04 -7.97883E+01 -7.97812E+01 -7.09326E-03 -2.56443E-05 -8.91988E-03  1.44293E+06
    99  3.61717E-04 -7.97835E+01 -7.97761E+01 -7.36407E-03 -2.62499E-05 -9.07770E-03  1.42961E+06
   100  3.70231E-04 -7.97785E+01 -7.97708E+01 -7.64384E-03 -2.68678E-05 -9.23709E-03  1.41637E+06
   101  3.78918E-04 -7.97734E+01 -7.97654E+01 -7.93282E-03 -2.74982E-05 -9.39809E-03  1.40321E+06
   102  3.87781E-04 -7.97682E+01 -7.97600E+01 -8.23130E-03 -2.81414E-05 -9.56065E-03  1.39013E+06
   103  3.96822E-04 -7.97629E+01 -7.97544E+01 -8.53956E-03 -2.87976E-05 -9.72476E-03  1.37713E+06
   104  4.06047E-04 -7.97576E+01 -7.97487E+01 -8.85789E-03 -2.94670E-05 -9.89041E-03  1.36421E+06
   105  4.15459E-04 -7.97521E+01 -7.97428E+01 -9.18658E-03 -3.01500E-05 -1.00576E-02  1.35137E+06
   106  4.25061E-04 -7.97465E+01 -7.97369E+01 -9.52596E-03 -3.08468E-05 -1.02262E-02  1.33861E+06
   107  4.34857E-04 -7.97408E+01 -7.97309E+01 -9.87632E-03 -3.15578E-05 -1.03963E-02  1.32593E+06
   108  4.44851E-04 -7.97350E+01 -7.97247E+01 -1.02380E-02 -3.22831E-05 -1.05677E-02  1.31333E+06
   109  4.55048E-04 -7.97290E+01 -7.97184E+01 -1.06113E-02 -3.30230E-05 -1.07406E-02  1.30081E+06
   110  4.65451E-04 -7.97230E+01 -7.97120E+01 -1.09966E-02 -3.37780E-05 -1.09147E-02  1.28836E+06
   111  4.76064E-04 -7.97168E+01 -7.97054E+01 -1.13943E-02 -3.45482E-05 -1.10901E-02  1.27600E+06
   112  4.86893E-04 -7.97106E+01 -7.96987E+01 -1.18046E-02 -3.53340E-05 -1.12667E-02  1.26371E+06
   113  4.97940E-04 -7.97042E+01 -7.96919E+01 -1.22280E-02 -3.61357E-05 -1.14444E-02  1.25150E+06
   114  5.09211E-04 -7.96977E+01 -7.96850E+01 -1.26648E-02 -3.69536E-05 -1.16233E-02  1.23937E+06
   115  5.20710E-04 -7.96910E+01 -7.96779E+01 -1.31154E-02 -3.77881E-05 -1.18033E-02  1.22731E+06
   116  5.32441E-04 -7.96842E+01 -7.96706E+01 -1.35802E-02 -3.86395E-05 -1.19843E-02  1.21533E+06
   117  5.44410E-04 -7.96773E+01 -7.96632E+01 -1.40597E-02 -3.95081E-05 -1.21663E-02  1.20342E+06
   118  5.56621E-04 -7.96703E+01 -7.96557E+01 -1.45541E-02 -4.03942E-05 -1.23491E-02  1.19158E+06
   119  5.69079E-04 -7.96631E+01 -7.96480E+01 -1.50640E-02 -4.12983E-05 -1.25327E-02  1.17982E+06
   120  5.81789E-04 -7.96558E+01 -7.96402E+01 -1.55898E-02 -4.22207E-05 -1.27170E-02  1.16814E+06
   121  5.94757E-04 -7.96484E+01 -7.96322E+01 -1.61319E-02 -4.31618E-05 -1.29019E-02  1.15652E+06
   122  6.07986E-04 -7.96408E+01 -7.96240E+01 -1.66908E-02 -4.41218E-05 -1.30873E-02  1.14498E+06
   123  6.21484E-04 -7.96330E+01 -7.96157E+01 -1.72669E-02 -4.51014E-05 -1.32730E-02  1.13350E+06
   124  6.35254E-04 -7.96251E+01 -7.96072E+01 -1.78607E-02 -4.61007E-05 -1.34590E-02  1.12210E+06
   125  6.49303E-04 -7.96171E+01 -7.95986E+01 -1.84728E-02 -4.71202E-05 -1.36450E-02  1.11077E+06
   126  6.63637E-04 -7.96089E+01 -7.95898E+01 -1.91035E-02 -4.81604E-05 -1.38309E-02  1.09950E+06
   127  6.78260E-04 -7.96006E+01 -7.95807E+01 -1.97533E-02 -4.92216E-05 -1.40166E-02  1.08830E+06
   128  6.93179E-04 -7.95920E+01 -7.95716E+01 -2.04229E-02 -5.03043E-05 -1.42018E-02  1.07717E+06
   129  7.08401E-04 -7.95834E+01 -7.95622E+01 -2.11128E-02 -5.14089E-05 -1.43864E-02  1.06611E+06
   130  7.23930E-04 -7.95745E+01 -7.95526E+01 -2.18234E-02 -5.25359E-05 -1.45701E-02  1.05511E+06
   131  7.39773E-04 -7.95655E+01 -7.95429E+01 -2.25553E-02 -5.36856E-05 -1.47527E-02  1.04418E+06
   132  7.55937E-04 -7.95563E+01 -7.95330E+01 -2.33091E-02 -5.48586E-05 -1.49339E-02  1.03331E+06
   133  7.72428E-04 -7.95470E+01 -7.95228E+01 -2.40853E-02 -5.60554E-05 -1.51134E-02  1.02251E+06
   134  7.89252E-04 -7.95374E+01 -7.95125E+01 -2.48846E-02 -5.72764E-05 -1.52910E-02  1.01176E+06
   135  8.06417E-04 -7.95277E+01 -7.95019E+01 -2.57075E-02 -5.85220E-05 -1.54662E-02  1.00108E+06
   136  8.23929E-04 -7.95178E+01 -7.94912E+01 -2.65546E-02 -5.97929E-05 -1.56387E-02  9.90467E+05
   137  8.41796E-04 -7.95077E+01 -7.94802E+01 -2.74266E-02 -6.10895E-05 -1.58081E-02  9.79910E+05
   138  8.60024E-04 -7.94974E+01 -7.94690E+01 -2.83240E-02 -6.24123E-05 -1.59740E-02  9.69414E+05
   139  8.78620E-04 -7.94869E+01 -7.94576E+01 -2.92475E-02 -6.37619E-05 -1.61356E-02  9.58977E+05
   140  8.97594E-04 -7.94762E+01 -7.94459E+01 -3.01978E-02 -6.51387E-05 -1.62927E-02  9.48600E+05
   141  9.16950E-04 -7.94653E+01 -7.94341E+01 -3.11755E-02 -6.65435E-05 -1.64447E-02  9.38280E+05
   142  9.36699E-04 -7.94542E+01 -7.94220E+01 -3.21812E-02 -6.79766E-05 -1.65909E-02  9.28019E+05
   143  9.56847E-04 -7.94429E+01 -7.94096E+01 -3.32157E-02 -6.94388E-05 -1.67304E-02  9.17815E+05
   144  9.77403E-04 -7.94314E+01 -7.93970E+01 -3.42796E-02 -7.09305E-05 -1.68627E-02  9.07667E+05
   145  9.98375E-04 -7.94196E+01 -7.93842E+01 -3.53736E-02 -7.24525E-05 -1.69867E-02  8.97575E+05
   146  1.01977E-03 -7.94076E+01 -7.93711E+01 -3.64985E-02 -7.40052E-05 -1.71016E-02  8.87538E+05
   147  1.04160E-03 -7.93954E+01 -7.93577E+01 -3.76549E-02 -7.55893E-05 -1.72063E-02  8.77556E+05
   148  1.06387E-03 -7.93830E+01 -7.93441E+01 -3.88436E-02 -7.72055E-05 -1.72996E-02  8.67629E+05
   149  1.08659E-03 -7.93703E+01 -7.93302E+01 -4.00653E-02 -7.88544E-05 -1.73802E-02  8.57755E+05
   150  1.10977E-03 -7.93574E+01 -7.93160E+01 -4.13208E-02 -8.05366E-05 -1.74467E-02  8.47934E+05
   151  1.13342E-03 -7.93443E+01 -7.93016E+01 -4.26108E-02 -8.22529E-05 -1.74975E-02  8.38166E+05
   152  1.15755E-03 -7.93309E+01 -7.92868E+01 -4.39360E-02 -8.40038E-05 -1.75305E-02  8.28450E+05
   153  1.18217E-03 -7.93172E+01 -7.92718E+01 -4.52972E-02 -8.57903E-05 -1.75440E-02  8.18785E+05
   154  1.20728E-03 -7.93033E+01 -7.92565E+01 -4.66953E-02 -8.76128E-05 -1.75357E-02  8.09172E+05
   155  1.23290E-03 -7.92891E+01 -7.92409E+01 -4.81309E-02 -8.94723E-05 -1.75027E-02  7.99609E+05
   156  1.25904E-03 -7.92746E+01 -7.92249E+01 -4.96048E-02 -9.13693E-05 -1.74423E-02  7.90096E+05
   157  1.28571E-03 -7.92599E+01 -7.92087E+01 -5.11179E-02 -9.33047E-05 -1.73511E-02  7.80633E+05
   158  1.31292E-03 -7.92449E+01 -7.91921E+01 -5.26709E-02 -9.52793E-05 -1.72251E-02  7.71220E+05
   159  1.34068E-03 -7.92296E+01 -7.91752E+01 -5.42646E-02 -9.72939E-05 -1.70600E-02  7.61855E+05
   160  1.36900E-03 -7.92140E+01 -7.91580E+01 -5.58998E-02 -9.93492E-05 -1.68504E-02  7.52539E+05
   161  1.39790E-03 -7.91981E+01 -7.91405E+01 -5.75774E-02 -1.01446E-04 -1.65905E-02  7.43271E+05
   162  1.42738E-03 -7.91820E+01 -7.91226E+01 -5.92980E-02 -1.03585E-04 -1.62731E-02  7.34051E+05
   163  1.45745E-03 -7.91655E+01 -7.91043E+01 -6.10625E-02 -1.05768E-04 -1.58897E-02  7.24878E+05
   164  1.48814E-03 -7.91487E+01 -7.90857E+01 -6.28717E-02 -1.07995E-04 -1.54304E-02  7.15753E+05
   165  1.51944E-03 -7.91316E+01 -7.90667E+01 -6.47263E-02 -1.10266E-04 -1.48994E-02  7.06674E+05
   166  1.55138E-03 -7.91141E+01 -7.90474E+01 -6.66272E-02 -1.12584E-04 -1.42548E-02  6.97642E+05
   167  1.58396E-03 -7.90963E+01 -7.90277E+01 -6.85751E-02 -1.14949E-04 -1.34565E-02  6.88656E+05
   168  1.61721E-03 -7.90782E+01 -7.90076E+01 -7.05708E-02 -1.17361E-04 -1.25356E-02  6.79716E+05
   169  1.65112E-03 -7.90598E+01 -7.89871E+01 -7.26151E-02 -1.19823E-04 -1.16091E-02  6.70822E+05
   170  1.68572E-03 -7.90410E+01 -7.89662E+01 -7.47087E-02 -1.22334E-04 -1.09068E-02  6.61974E+05
   171  1.72103E-03 -7.90218E+01 -7.89449E+01 -7.68523E-02 -1.24896E-04 -1.02540E-02  6.53171E+05
   172  1.75704E-03 -7.90023E+01 -7.89231E+01 -7.90468E-02 -1.27509E-04 -9.62134E-03  6.44413E+05
   173  1.79379E-03 -7.89824E+01 -7.89010E+01 -8.12927E-02 -1.30176E-04 -8.99747E-03  6.35700E+05
   174  1.83127E-03 -7.89622E+01 -7.88785E+01 -8.35907E-02 -1.32896E-04 -8.37738E-03  6.27033E+05
   175  1.86952E-03 -7.89415E+01 -7.88555E+01 -8.59417E-02 -1.35672E-04 -7.75953E-03  6.18410E+05
   176  1.90854E-03 -7.89205E+01 -7.88320E+01 -8.83461E-02 -1.38504E-04 -7.14424E-03  6.09831E+05
   177  1.94835E-03 -7.88991E+01 -7.88081E+01 -9.08047E-02 -1.41393E-04 -6.53298E-03  6.01298E+05
   178  1.98897E-03 -7.88772E+01 -7.87838E+01 -9.33180E-02 -1.44340E-04 -5.92809E-03  5.92809E+05
   179  2.03040E-03 -7.88550E+01 -7.87590E+01 -9.58866E-02 -1.47347E-04 -5.33218E-03  5.84364E+05
   180  2.07268E-03 -7.88323E+01 -7.87337E+01 -9.85111E-02 -1.50415E-04 -4.74835E-03  5.75964E+05
   181  2.11581E-03 -7.88092E+01 -7.87079E+01 -1.01192E-01 -1.53545E-04 -4.17986E-03  5.67609E+05
   182  2.15981E-03 -7.87857E+01 -7.86816E+01 -1.03930E-01 -1.56738E-04 -3.63021E-03  5.59298E+05
   183  2.20470E-03 -7.87617E+01 -7.86549E+01 -1.06725E-01 -1.59996E-04 -3.10302E-03  5.51031E+05
   184  2.25050E-03 -7.87373E+01 -7.86276E+01 -1.09577E-01 -1.63320E-04 -2.60211E-03  5.42810E+05
   185  2.29723E-03 -7.87124E+01 -7.85998E+01 -1.12488E-01 -1.66711E-04 -2.13144E-03  5.34633E+05
   186  2.34490E-03 -7.86871E+01 -7.85715E+01 -1.15457E-01 -1.70170E-04 -1.69516E-03  5.26501E+05
   187  2.39354E-03 -7.86612E+01 -7.85426E+01 -1.18485E-01 -1.73700E-04 -1.29761E-03  5.18414E+05
   188  2.44316E-03 -7.86349E+01 -7.85132E+01 -1.21571E-01 -1.77301E-04 -9.43375E-04  5.10372E+05
   189  2.49378E-03 -7.86081E+01 -7.84832E+01 -1.24716E-01 -1.80975E-04 -6.37292E-04  5.02376E+05
   190  2.54543E-03 -7.85808E+01 -7.84527E+01 -1.27921E-01 -1.84723E-04 -3.84497E-04  4.94425E+05
   191  2.59813E-03 -7.85530E+01 -7.84216E+01 -1.31184E-01 -1.88547E-04 -1.90471E-04  4.86520E+05
   192  2.65189E-03 -7.85246E+01 -7.83899E+01 -1.34507E-01 -1.92448E-04 -6.10964E-05  4.78661E+05
   193  2.70673E-03 -7.84957E+01 -7.83576E+01 -1.37888E-01 -1.96429E-04 -2.71524E-06  4.70848E+05
   194  2.76269E-03 -7.84663E+01 -7.83247E+01 -1.41328E-01 -2.00489E-04 -0.00000E+00  4.63082E+05
   195  2.81978E-03 -7.84363E+01 -7.82912E+01 -1.44826E-01 -2.04632E-04 -0.00000E+00  4.55363E+05
   196  2.87802E-03 -7.84057E+01 -7.82571E+01 -1.48383E-01 -2.08859E-04 -0.00000E+00  4.47691E+05
   197  2.93744E-03 -7.83746E+01 -7.82224E+01 -1.51997E-01 -2.13171E-04 -0.00000E+00  4.40067E+05
   198  2.99806E-03 -7.83429E+01 -7.81870E+01 -1.55668E-01 -2.17570E-04 -0.00000E+00  4.32491E+05
   199  3.05991E-03 -7.83105E+01 -7.81509E+01 -1.59395E-01 -2.22059E-04 -0.00000E+00  4.24963E+05
   200  3.12301E-03 -7.82776E+01 -7.81142E+01 -1.63179E-01 -2.26638E-04 -0.00000E+00  4.17484E+05
   201  3.18739E-03 -7.82441E+01 -7.80768E+01 -1.67017E-01 -2.31310E-04 -0.00000E+00  4.10054E+05
   202  3.25307E-03 -7.82099E+01 -7.80387E+01 -1.70909E-01 -2.36076E-04 -0.00000E+00  4.02674E+05
   203  3.32007E-03 -7.81751E+01 -7.80000E+01 -1.74854E-01 -2.40939E-04 -0.00000E+00  3.95344E+05
   204  3.38844E-03 -7.81396E+01 -7.79605E+01 -1.78851E-01 -2.45900E-04 -0.00000E+00  3.88065E+05
   205  3.45818E-03 -7.81034E+01 -7.79203E+01 -1.82898E-01 -2.50961E-04 -0.00000E+00  3.80837E+05
   206  3.52934E-03 -7.80666E+01 -7.78793E+01 -1.86995E-01 -2.56125E-04 -0.00000E+00  3.73661E+05
   207  3.60193E-03 -7.80291E+01 -7.78377E+01 -1.91139E-01 -2.61393E-04 -0.00000E+00  3.66538E+05
   208  3.67600E-03 -7.79908E+01 -7.77952E+01 -1.95328E-01 -2.66768E-04 -0.00000E+00  3.59468E+05
   209  3.75156E-03 -7.79519E+01 -7.77520E+01 -1.99562E-01 -2.72252E-04 -0.00000E+00  3.52451E+05
   210  3.82865E-03 -7.79122E+01 -7.77081E+01 -2.03838E-01 -2.77846E-04 -0.00000E+00  3.45488E+05
   211  3.90730E-03 -7.78718E+01 -7.76633E+01 -2.08155E-01 -2.83554E-04 -0.00000E+00  3.38581E+05
   212  3.98754E-03 -7.78306E+01 -7.76178E+01 -2.12509E-01 -2.89377E-04 -0.00000E+00  3.31729E+05
   213  4.06940E-03 -7.77886E+01 -7.75714E+01 -2.16898E-01 -2.95317E-04 -0.00000E+00  3.24933E+05
   214  4.15292E-03 -7.77458E+01 -7.75242E+01 -2.21320E-01 -3.01378E-04 -0.00000E+00  3.18195E+05
   215  4.23812E-03 -7.77023E+01 -7.74762E+01 -2.25773E-01 -3.07562E-04 -0.00000E+00  3.11514E+05
   216  4.32506E-03 -7.76579E+01 -7.74273E+01 -2.30253E-01 -3.13870E-04 -0.00000E+00  3.04892E+05
   217  4.41374E-03 -7.76127E+01 -7.73776E+01 -2.34758E-01 -3.20307E-04 -0.00000E+00  2.98329E+05
   218  4.50423E-03 -7.75666E+01 -7.73270E+01 -2.39284E-01 -3.26873E-04 -0.00000E+00  2.91826E+05
   219  4.59654E-03 -7.75197E+01 -7.72755E+01 -2.43828E-01 -3.33572E-04 -0.00000E+00  2.85383E+05
   220  4.69072E-03 -7.74719E+01 -7.72231E+01 -2.48387E-01 -3.40406E-04 -0.00000E+00  2.79003E+05
   221  4.78680E-03 -7.74232E+01 -7.71698E+01 -2.52956E-01 -3.47379E-04 -0.00000E+00  2.72684E+05
   222  4.88483E-03 -7.73735E+01 -7.71156E+01 -2.57533E-01 -3.54493E-04 -0.00000E+00  2.66429E+05
   223  4.98484E-03 -7.73230E+01 -7.70605E+01 -2.62113E-01 -3.61751E-04 -0.00000E+00  2.60238E+05
   224  5.08687E-03 -7.72715E+01 -7.70044E+01 -2.66692E-01 -3.69155E-04 -0.00000E+00  2.54112E+05
   225  5.19097E-03 -7.72190E+01 -7.69473E+01 -2.71265E-01 -3.76709E-04 -0.00000E+00  2.48052E+05
   226  5.29717E-03 -7.71655E+01 -7.68893E+01 -2.75829E-01 -3.84416E-04 -0.00000E+00  2.42058E+05
   227  5.40551E-03 -7.71111E+01 -7.68303E+01 -2.80379E-01 -3.92279E-04 -0.00000E+00  2.36132E+05
   228  5.51605E-03 -7.70556E+01 -7.67703E+01 -2.84910E-01 -4.00301E-04 -0.00000E+00  2.30274E+05
   229  5.62883E-03 -7.69991E+01 -7.67093E+01 -2.89417E-01 -4.08485E-04 -0.00000E+00  2.24485E+05
   230  5.74388E-03 -7.69415E+01 -7.66472E+01 -2.93895E-01 -4.16834E-04 -0.00000E+00  2.18766E+05
   231  5.86126E-03 -7.68829E+01 -7.65841E+01 -2.98339E-01 -4.25352E-04 -0.00000E+00  2.13119E+05
   232  5.98102E-03 -7.68232E+01 -7.65200E+01 -3.02743E-01 -4.34043E-04 -0.00000E+00  2.07542E+05
   233  6.10319E-03 -7.67623E+01 -7.64548E+01 -3.07103E-01 -4.42909E-04 -0.00000E+00  2.02039E+05
   234  6.22784E-03 -7.67004E+01 -7.63885E+01 -3.11413E-01 -4.51955E-04 -0.00000E+00  1.96609E+05
   235  6.35501E-03 -7.66372E+01 -7.63211E+01 -3.15667E-01 -4.61183E-04 -0.00000E+00  1.91253E+05
   236  6.48474E-03 -7.65730E+01 -7.62526E+01 -3.19860E-01 -4.70598E-04 -0.00000E+00  1.85972E+05
   237  6.61711E-03 -7.65075E+01 -7.61830E+01 -3.23985E-01 -4.80203E-04 -0.00000E+00  1.80767E+05
   238  6.75214E-03 -7.64408E+01 -7.61123E+01 -3.28037E-01 -4.90003E-04 -0.00000E+00  1.75639E+05
   239  6.88991E-03 -7.63729E+01 -7.60404E+01 -3.32011E-01 -5.00001E-04 -0.00000E+00  1.70589E+05
   240  7.03046E-03 -7.63037E+01 -7.59673E+01 -3.35899E-01 -5.10201E-04 -0.00000E+00  1.65616E+05
   241  7.17386E-03 -7.62333E+01 -7.58931E+01 -3.39697E-01 -5.20607E-04 -0.00000E+00  1.60723E+05
   242  7.32015E-03 -7.61615E+01 -7.58176E+01 -3.43398E-01 -5.31223E-04 -0.00000E+00  1.55910E+05
   243  7.46941E-03 -7.60885E+01 -7.57410E+01 -3.46997E-01 -5.42054E-04 -0.00000E+00  1.51177E+05
   244  7.62168E-03 -7.60141E+01 -7.56631E+01 -3.50487E-01 -5.53104E-04 -0.00000E+00  1.46525E+05
   245  7.77702E-03 -7.59384E+01 -7.55840E+01 -3.53863E-01 -5.64378E-04 -0.00000E+00  1.41955E+05
   246  7.93551E-03 -7.58613E+01 -7.55036E+01 -3.57120E-01 -5.75879E-04 -0.00000E+00  1.37467E+05
   247  8.09720E-03 -7.57828E+01 -7.54220E+01 -3.60251E-01 -5.87613E-04 -0.00000E+00  1.33063E+05
   248  8.26217E-03 -7.57029E+01 -7.53391E+01 -3.63252E-01 -5.99584E-04 -0.00000E+00  1.28742E+05
   249  8.43046E-03 -7.56216E+01 -7.52549E+01 -3.66117E-01 -6.11797E-04 -0.00000E+00  1.24505E+05
   250  8.60216E-03 -7.55388E+01 -7.51693E+01 -3.68841E-01 -6.24256E-04 -0.00000E+00  1.20353E+05
   251  8.77733E-03 -7.54545E+01 -7.50825E+01 -3.71419E-01 -6.36968E-04 -0.00000E+00  1.16286E+05
   252  8.95604E-03 -7.53687E+01 -7.49942E+01 -3.73848E-01 -6.49937E-04 -0.00000E+00  1.12304E+05
   253  9.13836E-03 -7.52814E+01 -7.49046E+01 -3.76122E-01 -6.63168E-04 -0.00000E+00  1.08408E+05
   254  9.32437E-03 -7.51926E+01 -7.48137E+01 -3.78238E-01 -6.76666E-04 -0.00000E+00  1.04598E+05
   255  9.51413E-03 -7.51022E+01 -7.47213E+01 -3.80192E-01 -6.90437E-04 -0.00000E+00  1.00875E+05
   256  9.70774E-03 -7.50102E+01 -7.46275E+01 -3.81981E-01 -7.04486E-04 -0.00000E+00  9.72378E+04
   257  9.90525E-03 -7.49166E+01 -7.45323E+01 -3.83603E-01 -7.18819E-04 -0.00000E+00  9.36877E+04
   258  1.01068E-02 -7.48214E+01 -7.44356E+01 -3.85056E-01 -7.33442E-04 -0.00000E+00  9.02243E+04
   259  1.03123E-02 -7.47245E+01 -7.43374E+01 -3.86336E-01 -7.48361E-04 -0.00000E+00  8.68478E+04
   260  1.05221E-02 -7.46260E+01 -7.42378E+01 -3.87445E-01 -7.63581E-04 -0.00000E+00  8.35582E+04
   261  1.07361E-02 -7.45257E+01 -7.41366E+01 -3.88380E-01 -7.79108E-04 -0.00000E+00  8.03553E+04
   262  1.09543E-02 -7.44238E+01 -7.40339E+01 -3.89142E-01 -7.94949E-04 -0.00000E+00  7.72391E+04
   263  1.11771E-02 -7.43202E+01 -7.39296E+01 -3.89731E-01 -8.11111E-04 -0.00000E+00  7.42092E+04
   264  1.14043E-02 -7.42148E+01 -7.38238E+01 -3.90150E-01 -8.27599E-04 -0.00000E+00  7.12656E+04
   265  1.16361E-02 -7.41076E+01 -7.37164E+01 -3.90399E-01 -8.44420E-04 -0.00000E+00  6.84077E+04
   266  1.18726E-02 -7.39987E+01 -7.36073E+01 -3.90482E-01 -8.61581E-04 -0.00000E+00  6.56352E+04
   267  1.21138E-02 -7.38879E+01 -7.34966E+01 -3.90403E-01 -8.79089E-04 -0.00000E+00  6.29477E+04
   268  1.23600E-02 -7.37754E+01 -7.33843E+01 -3.90165E-01 -8.96950E-04 -0.00000E+00  6.03446E+04
   269  1.26111E-02 -7.36610E+01 -7.32703E+01 -3.89775E-01 -9.15172E-04 -0.00000E+00  5.78253E+04
   270  1.28673E-02 -7.35447E+01 -7.31545E+01 -3.89237E-01 -9.33763E-04 -0.00000E+00  5.53891E+04
   271  1.31286E-02 -7.34266E+01 -7.30371E+01 -3.88560E-01 -9.52729E-04 -0.00000E+00  5.30352E+04
   272  1.33953E-02 -7.33066E+01 -7.29178E+01 -3.87751E-01 -9.72078E-04 -0.00000E+00  5.07628E+04
   273  1.36673E-02 -7.31846E+01 -7.27968E+01 -3.86818E-01 -9.91818E-04 -0.00000E+00  4.85711E+04
   274  1.39448E-02 -7.30608E+01 -7.26740E+01 -3.85772E-01 -1.01196E-03 -0.00000E+00  4.64591E+04
   275  1.42280E-02 -7.29350E+01 -7.25493E+01 -3.84622E-01 -1.03250E-03 -0.00000E+00  4.44257E+04
   276  1.45168E-02 -7.28073E+01 -7.24228E+01 -3.83381E-01 -1.05346E-03 -0.00000E+00  4.24698E+04
   277  1.48115E-02 -7.26776E+01 -7.22944E+01 -3.82061E-01 -1.07485E-03 -0.00000E+00  4.05903E+04
   278  1.51121E-02 -7.25459E+01 -7.21641E+01 -3.80676E-01 -1.09666E-03 -0.00000E+00  3.87859E+04
   279  1.54189E-02 -7.24122E+01 -7.20318E+01 -3.79238E-01 -1.11892E-03 -0.00000E+00  3.70553E+04
   280  1.57318E-02 -7.22765E+01 -7.18976E+01 -3.77764E-01 -1.14162E-03 -0.00000E+00  3.53972E+04
   281  1.60510E-02 -7.21388E+01 -7.17613E+01 -3.76269E-01 -1.16479E-03 -0.00000E+00  3.38101E+04
   282  1.63767E-02 -7.19990E+01 -7.16230E+01 -3.74770E-01 -1.18842E-03 -0.00000E+00  3.22924E+04
   283  1.67089E-02 -7.18572E+01 -7.14827E+01 -3.73284E-01 -1.21253E-03 -0.00000E+00  3.08428E+04
   284  1.70479E-02 -7.17133E+01 -7.13402E+01 -3.71829E-01 -1.23713E-03 -0.00000E+00  2.94595E+04
   285  1.73937E-02 -7.15673E+01 -7.11956E+01 -3.70424E-01 -1.26222E-03 -0.00000E+00  2.81408E+04
   286  1.77465E-02 -7.14193E+01 -7.10489E+01 -3.69087E-01 -1.28782E-03 -0.00000E+00  2.68852E+04
   287  1.81064E-02 -7.12691E+01 -7.09000E+01 -3.67840E-01 -1.31393E-03 -0.00000E+00  2.56908E+04
   288  1.84736E-02 -7.11168E+01 -7.07488E+01 -3.66701E-01 -1.34058E-03 -0.00000E+00  2.45558E+04
   289  1.88482E-02 -7.09624E+01 -7.05954E+01 -3.65691E-01 -1.36776E-03 -0.00000E+00  2.34784E+04
   290  1.92304E-02 -7.08059E+01 -7.04397E+01 -3.64831E-01 -1.39549E-03 -0.00000E+00  2.24566E+04
   291  1.96202E-02 -7.06472E+01 -7.02816E+01 -3.64140E-01 -1.42378E-03 -0.00000E+00  2.14887E+04
   292  2.00180E-02 -7.04863E+01 -7.01212E+01 -3.63640E-01 -1.45264E-03 -0.00000E+00  2.05726E+04
   293  2.04238E-02 -7.03232E+01 -6.99584E+01 -3.63351E-01 -1.48208E-03 -0.00000E+00  1.97065E+04
   294  2.08377E-02 -7.01580E+01 -6.97932E+01 -3.63292E-01 -1.51212E-03 -2.98133E-06  1.88882E+04
   295  2.12601E-02 -6.99905E+01 -6.96255E+01 -3.63483E-01 -1.54276E-03 -2.64499E-05  1.81159E+04
   296  2.16909E-02 -6.98208E+01 -6.94553E+01 -3.63943E-01 -1.57402E-03 -6.73958E-05  1.73875E+04
   297  2.21305E-02 -6.96489E+01 -6.92826E+01 -3.64689E-01 -1.60592E-03 -1.19305E-04  1.67010E+04
   298  2.25789E-02 -6.94747E+01 -6.91073E+01 -3.65740E-01 -1.63845E-03 -1.76329E-04  1.60544E+04
   299  2.30364E-02 -6.92982E+01 -6.89294E+01 -3.67111E-01 -1.67164E-03 -2.33327E-04  1.54458E+04
   300  2.35031E-02 -6.91194E+01 -6.87489E+01 -3.68816E-01 -1.70551E-03 -2.85907E-04  1.48730E+04
   301  2.39792E-02 -6.89384E+01 -6.85658E+01 -3.70870E-01 -1.74005E-03 -3.30462E-04  1.43342E+04
   302  2.44649E-02 -6.87550E+01 -6.83799E+01 -3.73282E-01 -1.77529E-03 -3.64197E-04  1.38274E+04
   303  2.49604E-02 -6.85692E+01 -6.81914E+01 -3.76065E-01 -1.81124E-03 -3.85148E-04  1.33507E+04
   304  2.54660E-02 -6.83811E+01 -6.80001E+01 -3.79225E-01 -1.84792E-03 -3.92203E-04  1.29021E+04
   305  2.59817E-02 -6.81906E+01 -6.78060E+01 -3.82768E-01 -1.88534E-03 -3.85092E-04  1.24798E+04
   306  2.65078E-02 -6.79977E+01 -6.76091E+01 -3.86697E-01 -1.92351E-03 -3.64374E-04  1.20820E+04
   307  2.70446E-02 -6.78024E+01 -6.74094E+01 -3.91015E-01 -1.96245E-03 -3.31409E-04  1.17069E+04
   308  2.75922E-02 -6.76046E+01 -6.72069E+01 -3.95719E-01 -2.00218E-03 -2.88313E-04  1.13528E+04
   309  2.81508E-02 -6.74043E+01 -6.70015E+01 -4.00806E-01 -2.04270E-03 -2.37889E-04  1.10179E+04
   310  2.87207E-02 -6.72015E+01 -6.67932E+01 -4.06268E-01 -2.08405E-03 -1.83546E-04  1.07008E+04
   311  2.93020E-02 -6.69962E+01 -6.65820E+01 -4.12097E-01 -2.12622E-03 -1.29192E-04  1.03997E+04
   312  2.98951E-02 -6.67883E+01 -6.63678E+01 -4.18278E-01 -2.16925E-03 -7.91144E-05  1.01133E+04
   313  3.05002E-02 -6.65778E+01 -6.61508E+01 -4.24798E-01 -2.21314E-03 -3.78369E-05  9.84011E+03
   314  3.11175E-02 -6.63646E+01 -6.59307E+01 -4.31636E-01 -2.25792E-03 -9.96082E-06  9.57875E+03
   315  3.17472E-02 -6.61488E+01 -6.57077E+01 -4.38772E-01 -2.30360E-03 -0.00000E+00  9.32796E+03
   316  3.23896E-02 -6.59303E+01 -6.54818E+01 -4.46181E-01 -2.35020E-03 -0.00000E+00  9.08654E+03
   317  3.30449E-02 -6.57090E+01 -6.52528E+01 -4.53834E-01 -2.39774E-03 -0.00000E+00  8.85335E+03
   318  3.37135E-02 -6.54850E+01 -6.50209E+01 -4.61701E-01 -2.44624E-03 -0.00000E+00  8.62735E+03
   319  3.43955E-02 -6.52582E+01 -6.47859E+01 -4.69749E-01 -2.49571E-03 -0.00000E+00  8.40757E+03
   320  3.50913E-02 -6.50285E+01 -6.45480E+01 -4.77942E-01 -2.54618E-03 -0.00000E+00  8.19313E+03
   321  3.58011E-02 -6.47959E+01 -6.43071E+01 -4.86241E-01 -2.59767E-03 -0.00000E+00  7.98321E+03
   322  3.65252E-02 -6.45604E+01 -6.40632E+01 -4.94605E-01 -2.65019E-03 -0.00000E+00  7.77709E+03
   323  3.72639E-02 -6.43220E+01 -6.38163E+01 -5.02991E-01 -2.70377E-03 -0.00000E+00  7.57413E+03
   324  3.80175E-02 -6.40805E+01 -6.35664E+01 -5.11355E-01 -2.75843E-03 -0.00000E+00  7.37375E+03
   325  3.87863E-02 -6.38360E+01 -6.33135E+01 -5.19650E-01 -2.81419E-03 -0.00000E+00  7.17549E+03
   326  3.95706E-02 -6.35884E+01 -6.30577E+01 -5.27830E-01 -2.87107E-03 -0.00000E+00  6.97891E+03
   327  4.03706E-02 -6.33377E+01 -6.27989E+01 -5.35845E-01 -2.92909E-03 -0.00000E+00  6.78369E+03
   328  4.11868E-02 -6.30839E+01 -6.25372E+01 -5.43647E-01 -2.98828E-03 -0.00000E+00  6.58957E+03
   329  4.20194E-02 -6.28268E+01 -6.22726E+01 -5.51189E-01 -3.04867E-03 -0.00000E+00  6.39634E+03
   330  4.28688E-02 -6.25666E+01 -6.20050E+01 -5.58423E-01 -3.11026E-03 -0.00000E+00  6.20387E+03
   331  4.37352E-02 -6.23031E+01 -6.17346E+01 -5.65301E-01 -3.17310E-03 -0.00000E+00  6.01211E+03
   332  4.46192E-02 -6.20362E+01 -6.14612E+01 -5.71778E-01 -3.23719E-03 -0.00000E+00  5.82103E+03
   333  4.55209E-02 -6.17661E+01 -6.11850E+01 -5.77813E-01 -3.30258E-03 -0.00000E+00  5.63068E+03
   334  4.64407E-02 -6.14926E+01 -6.09059E+01 -5.83363E-01 -3.36928E-03 -0.00000E+00  5.44116E+03
   335  4.73791E-02 -6.12158E+01 -6.06240E+01 -5.88391E-01 -3.43732E-03 -0.00000E+00  5.25260E+03
   336  4.83364E-02 -6.09356E+01 -6.03392E+01 -5.92864E-01 -3.50673E-03 -0.00000E+00  5.06518E+03
   337  4.93129E-02 -6.06519E+01 -6.00516E+01 -5.96753E-01 -3.57753E-03 -0.00000E+00  4.87912E+03
   338  5.03091E-02 -6.03649E+01 -5.97612E+01 -6.00031E-01 -3.64975E-03 -0.00000E+00  4.69466E+03
   339  5.13253E-02 -6.00744E+01 -5.94680E+01 -6.02681E-01 -3.72342E-03 -0.00000E+00  4.51208E+03
   340  5.23620E-02 -5.97804E+01 -5.91719E+01 -6.04687E-01 -3.79858E-03 -0.00000E+00  4.33165E+03
   341  5.34195E-02 -5.94830E+01 -5.88731E+01 -6.06041E-01 -3.87524E-03 -0.00000E+00  4.15369E+03
   342  5.44982E-02 -5.91822E+01 -5.85715E+01 -6.06744E-01 -3.95344E-03 -0.00000E+00  3.97852E+03
   343  5.55987E-02 -5.88779E+01 -5.82671E+01 -6.06799E-01 -4.03320E-03 -0.00000E+00  3.80644E+03
   344  5.67213E-02 -5.85702E+01 -5.79598E+01 -6.06220E-01 -4.11457E-03 -0.00000E+00  3.63779E+03
   345  5.78665E-02 -5.82590E+01 -5.76498E+01 -6.05027E-01 -4.19757E-03 -0.00000E+00  3.47287E+03
   346  5.90347E-02 -5.79445E+01 -5.73370E+01 -6.03247E-01 -4.28223E-03 -0.00000E+00  3.31201E+03
   347  6.02263E-02 -5.76265E+01 -5.70213E+01 -6.00916E-01 -4.36859E-03 -0.00000E+00  3.15548E+03
   348  6.14419E-02 -5.73053E+01 -5.67027E+01 -5.98076E-01 -4.45668E-03 -0.00000E+00  3.00357E+03
   349  6.26820E-02 -5.69806E+01 -5.63813E+01 -5.94776E-01 -4.54654E-03 -0.00000E+00  2.85654E+03
   350  6.39469E-02 -5.66527E+01 -5.60570E+01 -5.91075E-01 -4.63819E-03 -0.00000E+00  2.71462E+03
   351  6.52373E-02 -5.63216E+01 -5.57298E+01 -5.87037E-01 -4.73168E-03 -0.00000E+00  2.57801E+03
   352  6.65535E-02 -5.59872E+01 -5.53996E+01 -5.82731E-01 -4.82704E-03 -4.12404E-05  2.44690E+03
   353  6.78962E-02 -5.56496E+01 -5.50665E+01 -5.78234E-01 -4.92431E-03 -1.60198E-04  2.32142E+03
   354  6.92659E-02 -5.53090E+01 -5.47303E+01 -5.73627E-01 -5.02353E-03 -3.55369E-04  2.20170E+03
   355  7.06631E-02 -5.49653E+01 -5.43911E+01 -5.68997E-01 -5.12472E-03 -6.22502E-04  2.08782E+03
   356  7.20883E-02 -5.46185E+01 -5.40489E+01 -5.64433E-01 -5.22795E-03 -9.54674E-04  1.97981E+03
   357  7.35421E-02 -5.42688E+01 -5.37035E+01 -5.60026E-01 -5.33323E-03 -1.34249E-03  1.87769E+03
   358  7.50250E-02 -5.39162E+01 -5.33549E+01 -5.55870E-01 -5.44062E-03 -1.77435E-03  1.78143E+03
   359  7.65377E-02 -5.35608E+01 -5.30032E+01 -5.52059E-01 -5.55015E-03 -2.23685E-03  1.69098E+03
   360  7.80808E-02 -5.32026E+01 -5.26482E+01 -5.48685E-01 -5.66187E-03 -2.71520E-03  1.60623E+03
   361  7.96548E-02 -5.28416E+01 -5.22900E+01 -5.45839E-01 -5.77582E-03 -3.19378E-03  1.52707E+03
   362  8.12604E-02 -5.24780E+01 -5.19285E+01 -5.43607E-01 -5.89205E-03 -3.65664E-03  1.45334E+03
   363  8.28982E-02 -5.21118E+01 -5.15637E+01 -5.42069E-01 -6.01059E-03 -4.08817E-03  1.38485E+03
   364  8.45687E-02 -5.17431E+01 -5.11956E+01 -5.41303E-01 -6.13149E-03 -4.47366E-03  1.32139E+03
   365  8.62728E-02 -5.13718E+01 -5.08242E+01 -5.41373E-01 -6.25481E-03 -4.79985E-03  1.26272E+03
   366  8.80110E-02 -5.09981E+01 -5.04494E+01 -5.42339E-01 -6.38058E-03 -5.05554E-03  1.20859E+03
   367  8.97840E-02 -5.06220E+01 -5.00712E+01 -5.44248E-01 -6.50885E-03 -5.23206E-03  1.15873E+03
   368  9.15926E-02 -5.02435E+01 -4.96897E+01 -5.47134E-01 -6.63968E-03 -5.32361E-03  1.11285E+03
   369  9.34373E-02 -4.98627E+01 -4.93049E+01 -5.51020E-01 -6.77310E-03 -5.32757E-03  1.07065E+03
   370  9.53190E-02 -4.94796E+01 -4.89168E+01 -5.55916E-01 -6.90919E-03 -5.24462E-03  1.03182E+03
   371  9.72384E-02 -4.90943E+01 -4.85254E+01 -5.61814E-01 -7.04797E-03 -5.07874E-03  9.96054E+02
   372  9.91961E-02 -4.87068E+01 -4.81309E+01 -5.68693E-01 -7.18951E-03 -4.83703E-03  9.63038E+02
   373  1.01193E-01 -4.83170E+01 -4.77331E+01 -5.76517E-01 -7.33386E-03 -4.52940E-03  9.32464E+02
   374  1.03230E-01 -4.79250E+01 -4.73323E+01 -5.85231E-01 -7.48108E-03 -4.16805E-03  9.04029E+02
   375  1.05307E-01 -4.75309E+01 -4.69285E+01 -5.94767E-01 -7.63121E-03 -3.76693E-03  8.77439E+02
   376  1.07427E-01 -4.71346E+01 -4.65218E+01 -6.05040E-01 -7.78432E-03 -3.34098E-03  8.52411E+02
   377  1.09588E-01 -4.67361E+01 -4.61122E+01 -6.15950E-01 -7.94046E-03 -2.90538E-03  8.28677E+02
   378  1.11793E-01 -4.63355E+01 -4.57000E+01 -6.27382E-01 -8.09970E-03 -2.47479E-03  8.05986E+02
   379  1.14041E-01 -4.59327E+01 -4.52852E+01 -6.39210E-01 -8.26208E-03 -2.06253E-03  7.84105E+02
   380  1.16335E-01 -4.55277E+01 -4.48680E+01 -6.51294E-01 -8.42767E-03 -1.68000E-03  7.62823E+02
   381  1.18675E-01 -4.51206E+01 -4.44485E+01 -6.63485E-01 -8.59653E-03 -1.33606E-03  7.41948E+02
   382  1.21061E-01 -4.47112E+01 -4.40268E+01 -6.75627E-01 -8.76873E-03 -1.03673E-03  7.21315E+02
   383  1.23494E-01 -4.42997E+01 -4.36032E+01 -6.87556E-01 -8.94432E-03 -7.84990E-04  7.00780E+02
   384  1.25977E-01 -4.38860E+01 -4.31778E+01 -6.99106E-01 -9.12337E-03 -5.80925E-04  6.80224E+02
   385  1.28509E-01 -4.34701E+01 -4.27507E+01 -7.10107E-01 -9.30595E-03 -4.22016E-04  6.59552E+02
   386  1.31091E-01 -4.30520E+01 -4.23221E+01 -7.20395E-01 -9.49212E-03 -3.03711E-04  6.38692E+02
   387  1.33725E-01 -4.26317E+01 -4.18922E+01 -7.29807E-01 -9.68196E-03 -2.20170E-04  6.17596E+02
   388  1.36411E-01 -4.22092E+01 -4.14612E+01 -7.38188E-01 -9.87552E-03 -1.65185E-04  5.96238E+02
   389  1.39151E-01 -4.17846E+01 -4.10291E+01 -7.45393E-01 -1.00729E-02 -1.33160E-04  5.74612E+02
   390  1.41945E-01 -4.13578E+01 -4.05962E+01 -7.51290E-01 -1.02741E-02 -1.20113E-04  5.52732E+02
   391  1.44795E-01 -4.09289E+01 -4.01627E+01 -7.55762E-01 -1.04793E-02 -1.24600E-04  5.30629E+02
   392  1.47702E-01 -4.04980E+01 -3.97286E+01 -7.58711E-01 -1.06885E-02 -1.48485E-04  5.08349E+02
   393  1.50666E-01 -4.00650E+01 -3.92940E+01 -7.60058E-01 -1.09018E-02 -1.97488E-04  4.85954E+02
   394  1.53690E-01 -3.96300E+01 -3.88592E+01 -7.59748E-01 -1.11192E-02 -2.81445E-04  4.63515E+02
   395  1.56773E-01 -3.91932E+01 -3.84241E+01 -7.57748E-01 -1.13409E-02 -4.14249E-04  4.41111E+02
   396  1.59918E-01 -3.87545E+01 -3.79888E+01 -7.54052E-01 -1.15669E-02 -6.13460E-04  4.18831E+02
   397  1.63126E-01 -3.83140E+01 -3.75535E+01 -7.48681E-01 -1.17973E-02 -8.99575E-04  3.96766E+02
   398  1.66397E-01 -3.78719E+01 -3.71182E+01 -7.41683E-01 -1.20322E-02 -1.29501E-03  3.75010E+02
   399  1.69733E-01 -3.74283E+01 -3.66829E+01 -7.33133E-01 -1.22716E-02 -1.82287E-03  3.53657E+02
   400  1.73135E-01 -3.69832E+01 -3.62476E+01 -7.23133E-01 -1.25157E-02 -2.50545E-03  3.32799E+02
   401  1.76605E-01 -3.65368E+01 -3.58122E+01 -7.11811E-01 -1.27645E-02 -3.36281E-03  3.12525E+02
   402  1.80143E-01 -3.60892E+01 -3.53769E+01 -6.99320E-01 -1.30182E-02 -4.41118E-03  2.92918E+02
   403  1.83752E-01 -3.56405E+01 -3.49414E+01 -6.85835E-01 -1.32767E-02 -5.66151E-03  2.74053E+02
   404  1.87432E-01 -3.51909E+01 -3.45058E+01 -6.71553E-01 -1.35402E-02 -7.11825E-03  2.55998E+02
   405  1.91185E-01 -3.47405E+01 -3.40700E+01 -6.56687E-01 -1.38088E-02 -8.77825E-03  2.38811E+02
   406  1.95013E-01 -3.42894E+01 -3.36339E+01 -6.41464E-01 -1.40825E-02 -1.06301E-02  2.22541E+02
   407  1.98916E-01 -3.38379E+01 -3.31974E+01 -6.26121E-01 -1.43615E-02 -1.26538E-02  2.07224E+02
   408  2.02896E-01 -3.33859E+01 -3.27603E+01 -6.10901E-01 -1.46459E-02 -1.48208E-02  1.92888E+02
   409  2.06955E-01 -3.29337E+01 -3.23227E+01 -5.96051E-01 -1.49356E-02 -1.70947E-02  1.79546E+02
   410  2.11095E-01 -3.24814E+01 -3.18843E+01 -5.81813E-01 -1.52309E-02 -1.94319E-02  1.67203E+02
   411  2.15316E-01 -3.20291E+01 -3.14451E+01 -5.68421E-01 -1.55319E-02 -2.17834E-02  1.55852E+02
   412  2.19620E-01 -3.15769E+01 -3.10050E+01 -5.56100E-01 -1.58385E-02 -2.40965E-02  1.45476E+02
   413  2.24009E-01 -3.11250E+01 -3.05638E+01 -5.45054E-01 -1.61510E-02 -2.63167E-02  1.36048E+02
   414  2.28485E-01 -3.06735E+01 -3.01216E+01 -5.35471E-01 -1.64694E-02 -2.83901E-02  1.27533E+02
   415  2.33049E-01 -3.02224E+01 -2.96781E+01 -5.27511E-01 -1.67938E-02 -3.02658E-02  1.19888E+02
   416  2.37703E-01 -2.97719E+01 -2.92335E+01 -5.21306E-01 -1.71243E-02 -3.18982E-02  1.13063E+02
   417  2.42449E-01 -2.93221E+01 -2.87876E+01 -5.16956E-01 -1.74611E-02 -3.32495E-02  1.07001E+02
   418  2.47288E-01 -2.88729E+01 -2.83406E+01 -5.14530E-01 -1.78041E-02 -3.42909E-02  1.01645E+02
   419  2.52223E-01 -2.84245E+01 -2.78923E+01 -5.14056E-01 -1.81536E-02 -3.50050E-02  9.69291E+01
   420  2.57254E-01 -2.79770E+01 -2.74430E+01 -5.15528E-01 -1.85096E-02 -3.53863E-02  9.27899E+01
   421  2.62384E-01 -2.75304E+01 -2.69926E+01 -5.18902E-01 -1.88722E-02 -3.54409E-02  8.91610E+01
   422  2.67615E-01 -2.70847E+01 -2.65414E+01 -5.24097E-01 -1.92416E-02 -3.51872E-02  8.59768E+01
   423  2.72949E-01 -2.66400E+01 -2.60894E+01 -5.30996E-01 -1.96178E-02 -3.46533E-02  8.31729E+01
   424  2.78387E-01 -2.61964E+01 -2.56370E+01 -5.39447E-01 -2.00009E-02 -3.38762E-02  8.06870E+01
   425  2.83932E-01 -2.57539E+01 -2.51842E+01 -5.49268E-01 -2.03910E-02 -3.28998E-02  7.84602E+01
   426  2.89586E-01 -2.53125E+01 -2.47315E+01 -5.60247E-01 -2.07883E-02 -3.17712E-02  7.64370E+01
   427  2.95350E-01 -2.48724E+01 -2.42790E+01 -5.72149E-01 -2.11929E-02 -3.05402E-02  7.45666E+01
   428  3.01227E-01 -2.44335E+01 -2.38272E+01 -5.84720E-01 -2.16048E-02 -2.92564E-02  7.28028E+01
   429  3.07219E-01 -2.39961E+01 -2.33763E+01 -5.97689E-01 -2.20242E-02 -2.79668E-02  7.11046E+01
   430  3.13328E-01 -2.35600E+01 -2.29268E+01 -6.10778E-01 -2.24512E-02 -2.67158E-02  6.94366E+01
   431  3.19557E-01 -2.31256E+01 -2.24790E+01 -6.23702E-01 -2.28858E-02 -2.55429E-02  6.77688E+01
   432  3.25907E-01 -2.26928E+01 -2.20333E+01 -6.36179E-01 -2.33282E-02 -2.44831E-02  6.60766E+01
   433  3.32380E-01 -2.22619E+01 -2.15902E+01 -6.47932E-01 -2.37786E-02 -2.35667E-02  6.43406E+01
   434  3.38980E-01 -2.18329E+01 -2.11500E+01 -6.58698E-01 -2.42369E-02 -2.28196E-02  6.25469E+01
   435  3.45708E-01 -2.14061E+01 -2.07132E+01 -6.68228E-01 -2.47033E-02 -2.22638E-02  6.06860E+01
   436  3.52568E-01 -2.09816E+01 -2.02802E+01 -6.76296E-01 -2.51779E-02 -2.19188E-02  5.87532E+01
   437  3.59560E-01 -2.05597E+01 -1.98513E+01 -6.82701E-01 -2.56608E-02 -2.18021E-02  5.67475E+01
   438  3.66689E-01 -2.01405E+01 -1.94271E+01 -6.87271E-01 -2.61521E-02 -2.19305E-02  5.46716E+01
   439  3.73956E-01 -1.97242E+01 -1.90077E+01 -6.89864E-01 -2.66518E-02 -2.23208E-02  5.25312E+01
   440  3.81363E-01 -1.93112E+01 -1.85937E+01 -6.90376E-01 -2.71602E-02 -2.29906E-02  5.03346E+01
   441  3.88915E-01 -1.89016E+01 -1.81852E+01 -6.88734E-01 -2.76773E-02 -2.39586E-02  4.80921E+01
   442  3.96612E-01 -1.84958E+01 -1.77827E+01 -6.84904E-01 -2.82032E-02 -2.52450E-02  4.58154E+01
   443  4.04459E-01 -1.80938E+01 -1.73862E+01 -6.78887E-01 -2.87379E-02 -2.68711E-02  4.35176E+01
   444  4.12457E-01 -1.76961E+01 -1.69961E+01 -6.70718E-01 -2.92816E-02 -2.88593E-02  4.12122E+01
   445  4.20609E-01 -1.73029E+01 -1.66126E+01 -6.60469E-01 -2.98343E-02 -3.12319E-02  3.89129E+01
   446  4.28919E-01 -1.69143E+01 -1.62357E+01 -6.48241E-01 -3.03962E-02 -3.40116E-02  3.66333E+01
   447  4.37389E-01 -1.65306E+01 -1.58655E+01 -6.34165E-01 -3.09673E-02 -3.72184E-02  3.43866E+01
   448  4.46022E-01 -1.61521E+01 -1.55022E+01 -6.18396E-01 -3.15476E-02 -4.08718E-02  3.21852E+01
   449  4.54821E-01 -1.57790E+01 -1.51457E+01 -6.01113E-01 -3.21373E-02 -4.49859E-02  3.00405E+01
   450  4.63790E-01 -1.54113E+01 -1.47961E+01 -5.82510E-01 -3.27365E-02 -4.95755E-02  2.79628E+01
   451  4.72930E-01 -1.50493E+01 -1.44532E+01 -5.62796E-01 -3.33451E-02 -5.46504E-02  2.59612E+01
   452  4.82246E-01 -1.46931E+01 -1.41170E+01 -5.42190E-01 -3.39632E-02 -6.02199E-02  2.40432E+01
   453  4.91741E-01 -1.43428E+01 -1.37873E+01 -5.20913E-01 -3.45909E-02 -6.62942E-02  2.22151E+01
   454  5.01417E-01 -1.39985E+01 -1.34641E+01 -4.99186E-01 -3.52283E-02 -7.28895E-02  2.04818E+01
   455  5.11278E-01 -1.36603E+01 -1.31472E+01 -4.77228E-01 -3.58753E-02 -8.00335E-02  1.88467E+01
   456  5.21327E-01 -1.33281E+01 -1.28363E+01 -4.55249E-01 -3.65320E-02 -8.77746E-02  1.73118E+01
   457  5.31568E-01 -1.30019E+01 -1.25312E+01 -4.33446E-01 -3.71985E-02 -9.61941E-02  1.58781E+01
   458  5.42005E-01 -1.26817E+01 -1.22318E+01 -4.12002E-01 -3.78746E-02 -1.05413E-01  1.45451E+01
   459  5.52640E-01 -1.23674E+01 -1.19378E+01 -3.91084E-01 -3.85606E-02 -1.15606E-01  1.33114E+01
   460  5.63477E-01 -1.20590E+01 -1.16489E+01 -3.70839E-01 -3.92562E-02 -1.27000E-01  1.21747E+01
   461  5.74520E-01 -1.17564E+01 -1.13650E+01 -3.51391E-01 -3.99617E-02 -1.39886E-01  1.11319E+01
   462  5.85772E-01 -1.14593E+01 -1.10858E+01 -3.32846E-01 -4.06768E-02 -1.54679E-01  1.01790E+01
   463  5.97238E-01 -1.11677E+01 -1.08110E+01 -3.15284E-01 -4.14016E-02 -1.72346E-01  9.31175E+00
   464  6.08920E-01 -1.08814E+01 -1.05405E+01 -2.98766E-01 -4.21360E-02 -1.97756E-01  8.52517E+00
   465  6.20824E-01 -1.06003E+01 -1.02741E+01 -2.83330E-01 -4.28801E-02 -2.19218E-01  7.81416E+00
   466  6.32951E-01 -1.03241E+01 -1.00115E+01 -2.68993E-01 -4.36336E-02 -2.35999E-01  7.17334E+00
   467  6.45308E-01 -1.00527E+01 -9.75256E+00 -2.55755E-01 -4.43966E-02 -2.49800E-01  6.59728E+00
   468  6.57897E-01 -9.78594E+00 -9.49717E+00 -2.43596E-01 -4.51690E-02 -2.60757E-01  6.08049E+00
   469  6.70722E-01 -9.52362E+00 -9.24518E+00 -2.32483E-01 -4.59505E-02 -2.69552E-01  5.61761E+00
   470  6.83788E-01 -9.26559E+00 -8.99648E+00 -2.22367E-01 -4.67412E-02 -2.76677E-01  5.20338E+00
   471  6.97099E-01 -9.01170E+00 -8.75096E+00 -2.13192E-01 -4.75409E-02 -2.82522E-01  4.83278E+00
   472  7.10659E-01 -8.76181E+00 -8.50857E+00 -2.04888E-01 -4.83494E-02 -2.87396E-01  4.50104E+00
   473  7.24472E-01 -8.51580E+00 -8.26925E+00 -1.97383E-01 -4.91665E-02 -2.91541E-01  4.20367E+00
   474  7.38543E-01 -8.27356E+00 -8.03297E+00 -1.90598E-01 -4.99921E-02 -2.95146E-01  3.93649E+00
   475  7.52876E-01 -8.03501E+00 -7.79973E+00 -1.84451E-01 -5.08259E-02 -2.98350E-01  3.69570E+00
   476  7.67476E-01 -7.80007E+00 -7.56954E+00 -1.78863E-01 -5.16678E-02 -3.01261E-01  3.47780E+00
   477  7.82347E-01 -7.56869E+00 -7.34243E+00 -1.73752E-01 -5.25174E-02 -3.03953E-01  3.27965E+00
   478  7.97493E-01 -7.34085E+00 -7.11843E+00 -1.69041E-01 -5.33745E-02 -3.06479E-01  3.09847E+00
   479  8.12919E-01 -7.11651E+00 -6.89762E+00 -1.64657E-01 -5.42387E-02 -3.08869E-01  2.93180E+00
   480  8.28631E-01 -6.89569E+00 -6.68005E+00 -1.60531E-01 -5.51099E-02 -3.11142E-01  2.77748E+00
   481  8.44632E-01 -6.67839E+00 -6.46580E+00 -1.56601E-01 -5.59875E-02 -3.13301E-01  2.63368E+00
   482  8.60928E-01 -6.46465E+00 -6.25497E+00 -1.52810E-01 -5.68714E-02 -3.15344E-01  2.49882E+00
   483  8.77524E-01 -6.25451E+00 -6.04764E+00 -1.49111E-01 -5.77610E-02 -3.17257E-01  2.37159E+00
   484  8.94424E-01 -6.04803E+00 -5.84391E+00 -1.45459E-01 -5.86559E-02 -3.19027E-01  2.25089E+00
   485  9.11633E-01 -5.84525E+00 -5.64388E+00 -1.41821E-01 -5.95557E-02 -3.20633E-01  2.13584E+00
   486  9.29157E-01 -5.64626E+00 -5.44763E+00 -1.38168E-01 -6.04599E-02 -3.22056E-01  2.02574E+00
   487  9.47000E-01 -5.45112E+00 -5.25527E+00 -1.34480E-01 -6.13681E-02 -3.23272E-01  1.92002E+00
   488  9.65169E-01 -5.25990E+00 -5.06688E+00 -1.30740E-01 -6.22796E-02 -3.24263E-01  1.81829E+00
   489  9.83667E-01 -5.07267E+00 -4.88254E+00 -1.26939E-01 -6.31939E-02 -3.25006E-01  1.72021E+00
   490  1.00250E+00 -4.88952E+00 -4.70233E+00 -1.23073E-01 -6.41105E-02 -3.25485E-01  1.62558E+00
   491  1.02168E+00 -4.71050E+00 -4.52633E+00 -1.19144E-01 -6.50286E-02 -3.25682E-01  1.53425E+00
   492  1.04120E+00 -4.53569E+00 -4.35458E+00 -1.15154E-01 -6.59477E-02 -3.25586E-01  1.44613E+00
   493  1.06107E+00 -4.36513E+00 -4.18715E+00 -1.11112E-01 -6.68670E-02 -3.25183E-01  1.36117E+00
   494  1.08130E+00 -4.19888E+00 -4.02407E+00 -1.07028E-01 -6.77859E-02 -3.24468E-01  1.27935E+00
   495  1.10189E+00 -4.03698E+00 -3.86536E+00 -1.02915E-01 -6.87035E-02 -3.23435E-01  1.20068E+00
   496  1.12285E+00 -3.87946E+00 -3.71105E+00 -9.87863E-02 -6.96190E-02 -3.22084E-01  1.12516E+00
   497  1.14419E+00 -3.72634E+00 -3.56115E+00 -9.46569E-02 -7.05318E-02 -3.20416E-01  1.05281E+00
   498  1.16591E+00 -3.57764E+00 -3.41566E+00 -9.05423E-02 -7.14408E-02 -3.18438E-01  9.83646E-01
   499  1.18801E+00 -3.43336E+00 -3.27455E+00 -8.64576E-02 -7.23452E-02 -3.16160E-01  9.17669E-01
   500  1.21051E+00 -3.29348E+00 -3.13782E+00 -8.24179E-02 -7.32442E-02 -3.13601E-01  8.54875E-01
   501  1.23340E+00 -3.15799E+00 -3.00542E+00 -7.84376E-02 -7.41366E-02 -3.10838E-01  7.95251E-01
   502  1.25670E+00 -3.02686E+00 -2.87731E+00 -7.45300E-02 -7.50216E-02 -3.08138E-01  7.38766E-01
   503  1.28040E+00 -2.90005E+00 -2.75344E+00 -7.07073E-02 -7.58982E-02 -3.04678E-01  6.85380E-01
   504  1.30453E+00 -2.77751E+00 -2.63377E+00 -6.69806E-02 -7.67652E-02 -3.00974E-01  6.35038E-01
   505  1.32907E+00 -2.65919E+00 -2.51821E+00 -6.33596E-02 -7.76217E-02 -2.97044E-01  5.87672E-01
   506  1.35405E+00 -2.54502E+00 -2.40671E+00 -5.98524E-02 -7.84665E-02 -2.92906E-01  5.43204E-01
   507  1.37946E+00 -2.43494E+00 -2.29917E+00 -5.64659E-02 -7.92984E-02 -2.88579E-01  5.01544E-01
   508  1.40531E+00 -2.32885E+00 -2.19553E+00 -5.32055E-02 -8.01164E-02 -2.84082E-01  4.62595E-01
   509  1.43161E+00 -2.22669E+00 -2.09570E+00 -5.00752E-02 -8.09193E-02 -2.79434E-01  4.26252E-01
   510  1.45837E+00 -2.12836E+00 -1.99958E+00 -4.70776E-02 -8.17058E-02 -2.74656E-01  3.92403E-01
   511  1.48558E+00 -2.03377E+00 -1.90709E+00 -4.42144E-02 -8.24748E-02 -2.69764E-01  3.60935E-01
   512  1.51327E+00 -1.94283E+00 -1.81812E+00 -4.14859E-02 -8.32250E-02 -2.64779E-01  3.31727E-01
   513  1.54142E+00 -1.85544E+00 -1.73260E+00 -3.88915E-02 -8.39551E-02 -2.59716E-01  3.04662E-01
   514  1.57006E+00 -1.77150E+00 -1.65041E+00 -3.64297E-02 -8.46639E-02 -2.54594E-01  2.79619E-01
   515  1.59919E+00 -1.69091E+00 -1.57146E+00 -3.40983E-02 -8.53502E-02 -2.49427E-01  2.56479E-01
   516  1.62881E+00 -1.61356E+00 -1.49566E+00 -3.18943E-02 -8.60127E-02 -2.44231E-01  2.35125E-01
   517  1.65893E+00 -1.53937E+00 -1.42290E+00 -2.98141E-02 -8.66500E-02 -2.39020E-01  2.15444E-01
   518  1.68957E+00 -1.46821E+00 -1.35310E+00 -2.78538E-02 -8.72610E-02 -2.33807E-01  1.97323E-01
   519  1.72071E+00 -1.40000E+00 -1.28615E+00 -2.60092E-02 -8.78443E-02 -2.28603E-01  1.80656E-01
   520  1.75238E+00 -1.33464E+00 -1.22197E+00 -2.42755E-02 -8.83987E-02 -2.23420E-01  1.65341E-01
   521  1.78458E+00 -1.27203E+00 -1.16045E+00 -2.26480E-02 -8.89229E-02 -2.18268E-01  1.51278E-01
   522  1.81731E+00 -1.21206E+00 -1.10152E+00 -2.11218E-02 -8.94158E-02 -2.13157E-01  1.38375E-01
   523  1.85059E+00 -1.15465E+00 -1.04509E+00 -1.96919E-02 -8.98761E-02 -2.08095E-01  1.26544E-01
   524  1.88442E+00 -1.09971E+00 -9.91054E-01 -1.83534E-02 -9.03027E-02 -2.03096E-01  1.15702E-01
   525  1.91881E+00 -1.04714E+00 -9.39346E-01 -1.71013E-02 -9.06944E-02 -1.98192E-01  1.05771E-01
   526  1.95376E+00 -9.96860E-01 -8.89880E-01 -1.59308E-02 -9.10501E-02 -1.93607E-01  9.66787E-02
   527  1.98928E+00 -9.48781E-01 -8.42575E-01 -1.48372E-02 -9.13687E-02 -1.88722E-01  8.83569E-02
   528  2.02538E+00 -9.02820E-01 -7.97354E-01 -1.38160E-02 -9.16492E-02 -1.83905E-01  8.07424E-02
   529  2.06207E+00 -8.58897E-01 -7.54144E-01 -1.28627E-02 -9.18906E-02 -1.79160E-01  7.37770E-02
   530  2.09936E+00 -8.16936E-01 -7.12871E-01 -1.19731E-02 -9.20921E-02 -1.74489E-01  6.74063E-02
   531  2.13724E+00 -7.76860E-01 -6.73464E-01 -1.11431E-02 -9.22528E-02 -1.69894E-01  6.15806E-02
   532  2.17573E+00 -7.38597E-01 -6.35856E-01 -1.03691E-02 -9.23718E-02 -1.65377E-01  5.62536E-02
   533  2.21484E+00 -7.02076E-01 -5.99980E-01 -9.64719E-03 -9.24485E-02 -1.60939E-01  5.13831E-02
   534  2.25457E+00 -6.67229E-01 -5.65773E-01 -8.97410E-03 -9.24822E-02 -1.56586E-01  4.69300E-02
   535  2.29494E+00 -6.33991E-01 -5.33173E-01 -8.34656E-03 -9.24723E-02 -1.52345E-01  4.28586E-02
   536  2.33594E+00 -6.02298E-01 -5.02119E-01 -7.76152E-03 -9.24184E-02 -1.48355E-01  3.91363E-02
   537  2.37758E+00 -5.72089E-01 -4.72553E-01 -7.21612E-03 -9.23200E-02 -1.44163E-01  3.57329E-02
   538  2.41988E+00 -5.43304E-01 -4.44420E-01 -6.70770E-03 -9.21768E-02 -1.40047E-01  3.26211E-02
   539  2.46284E+00 -5.15886E-01 -4.17664E-01 -6.23375E-03 -9.19886E-02 -1.36007E-01  2.97759E-02
   540  2.50647E+00 -4.89780E-01 -3.92233E-01 -5.79193E-03 -9.17552E-02 -1.32045E-01  2.71742E-02
   541  2.55077E+00 -4.64933E-01 -3.68076E-01 -5.38008E-03 -9.14767E-02 -1.28176E-01  2.47952E-02
   542  2.59575E+00 -4.41293E-01 -3.45144E-01 -4.99615E-03 -9.11530E-02 -1.24549E-01  2.26197E-02
   543  2.64143E+00 -4.18810E-01 -3.23387E-01 -4.63826E-03 -9.07843E-02 -1.20739E-01  2.06303E-02
   544  2.68780E+00 -3.97436E-01 -3.02760E-01 -4.30465E-03 -9.03709E-02 -1.17000E-01  1.88110E-02
   545  2.73488E+00 -3.77124E-01 -2.83217E-01 -3.99368E-03 -8.99131E-02 -1.13339E-01  1.71474E-02
   546  2.78266E+00 -3.57830E-01 -2.64715E-01 -3.70382E-03 -8.94114E-02 -1.09931E-01  1.56261E-02
   547  2.83117E+00 -3.39510E-01 -2.47210E-01 -3.43366E-03 -8.88663E-02 -1.06336E-01  1.42350E-02
   548  2.88041E+00 -3.22123E-01 -2.30662E-01 -3.18188E-03 -8.82785E-02 -1.02812E-01  1.29632E-02
   549  2.93038E+00 -3.05627E-01 -2.15031E-01 -2.94725E-03 -8.76488E-02 -9.94144E-02  1.18004E-02
   550  2.98109E+00 -2.89983E-01 -2.00276E-01 -2.72864E-03 -8.69779E-02 -9.60829E-02  1.07374E-02
   551  3.03255E+00 -2.75154E-01 -1.86362E-01 -2.52499E-03 -8.62668E-02 -9.26990E-02  9.76586E-03
   552  3.08476E+00 -2.61103E-01 -1.73251E-01 -2.33530E-03 -8.55165E-02 -8.95070E-02  8.87802E-03
   553  3.13774E+00 -2.47794E-01 -1.60907E-01 -2.15866E-03 -8.47282E-02 -8.61848E-02  8.06685E-03
   554  3.19149E+00 -2.35194E-01 -1.49296E-01 -1.99421E-03 -8.39030E-02 -8.30465E-02  7.32590E-03
   555  3.24602E+00 -2.23269E-01 -1.38385E-01 -1.84116E-03 -8.30422E-02 -7.97836E-02  6.64926E-03
   556  3.30133E+00 -2.11987E-01 -1.28141E-01 -1.69875E-03 -8.21471E-02 -7.66573E-02  6.03155E-03
   557  3.35743E+00 -2.01318E-01 -1.18532E-01 -1.56630E-03 -8.12192E-02 -7.35594E-02  5.46783E-03
   558  3.41433E+00 -1.91232E-01 -1.09529E-01 -1.44316E-03 -8.02599E-02 -7.03756E-02  4.95356E-03
   559  3.47204E+00 -1.81700E-01 -1.01101E-01 -1.32873E-03 -7.92707E-02 -6.73039E-02  4.48460E-03
   560  3.53056E+00 -1.72695E-01 -9.32195E-02 -1.22243E-03 -7.82532E-02 -6.42637E-02  4.05714E-03
   561  3.58990E+00 -1.64190E-01 -8.58576E-02 -1.12374E-03 -7.72091E-02 -6.13277E-02  3.66770E-03
   562  3.65007E+00 -1.56160E-01 -7.89881E-02 -1.03217E-03 -7.61400E-02 -5.83104E-02  3.31309E-03
   563  3.71107E+00 -1.48580E-01 -7.25853E-02 -9.47249E-04 -7.50476E-02 -5.53315E-02  2.99036E-03
   564  3.77291E+00 -1.41426E-01 -6.66240E-02 -8.68546E-04 -7.39336E-02 -5.24137E-02  2.69682E-03
   565  3.83559E+00 -1.34676E-01 -6.10804E-02 -7.95655E-04 -7.27997E-02 -4.95182E-02  2.43001E-03
   566  3.89913E+00 -1.28307E-01 -5.59311E-02 -7.28195E-04 -7.16478E-02 -4.66517E-02  2.18764E-03
   567  3.96353E+00 -1.22299E-01 -5.11539E-02 -6.65806E-04 -7.04795E-02 -4.37894E-02  1.96764E-03
   568  4.02879E+00 -1.16632E-01 -4.67272E-02 -6.08154E-04 -6.92967E-02 -4.09790E-02  1.76808E-03
   569  4.09493E+00 -1.11286E-01 -4.26304E-02 -5.54924E-04 -6.81011E-02 -3.81204E-02  1.58722E-03
   570  4.16194E+00 -1.06244E-01 -3.88437E-02 -5.05818E-04 -6.68945E-02 -3.52638E-02  1.42342E-03
   571  4.22984E+00 -1.01487E-01 -3.53481E-02 -4.60558E-04 -6.56785E-02 -3.23979E-02  1.27522E-03
   572  4.29863E+00 -9.69991E-02 -3.21254E-02 -4.18882E-04 -6.44548E-02 -2.94295E-02  1.14124E-03
   573  4.36831E+00 -9.27641E-02 -2.91583E-02 -3.80545E-04 -6.32253E-02 -2.59850E-02  1.02023E-03
   574  4.43890E+00 -8.87668E-02 -2.64301E-02 -3.45315E-04 -6.19914E-02 -2.25951E-02  9.11036E-04
   575  4.51039E+00 -8.49928E-02 -2.39250E-02 -3.12974E-04 -6.07549E-02 -1.97466E-02  8.12609E-04
   576  4.58280E+00 -8.14285E-02 -2.16279E-02 -2.83318E-04 -5.95172E-02 -1.92406E-02  7.23976E-04
   577  4.65613E+00 -7.80607E-02 -1.95246E-02 -2.56155E-04 -5.82800E-02 -1.68900E-02  6.44247E-04
   578  4.73039E+00 -7.48773E-02 -1.76014E-02 -2.31305E-04 -5.70446E-02 -1.48650E-02  5.72606E-04
   579  4.80557E+00 -7.18665E-02 -1.58453E-02 -2.08597E-04 -5.58126E-02 -1.31079E-02  5.08307E-04
   580  4.88170E+00 -6.90174E-02 -1.42443E-02 -1.87872E-04 -5.45852E-02 -1.15749E-02  4.50662E-04
   581  4.95876E+00 -6.63196E-02 -1.27867E-02 -1.68982E-04 -5.33639E-02 -1.02313E-02  3.99046E-04
   582  5.03677E+00 -6.37633E-02 -1.14617E-02 -1.51786E-04 -5.21498E-02 -9.04952E-03  3.52884E-04
   583  5.11573E+00 -6.13393E-02 -1.02591E-02 -1.36153E-04 -5.09441E-02 -8.00712E-03  3.11651E-04
   584  5.19564E+00 -5.90391E-02 -9.16909E-03 -1.21960E-04 -4.97481E-02 -7.08564E-03  2.74868E-04
   585  5.27652E+00 -5.68546E-02 -8.18277E-03 -1.09093E-04 -4.85627E-02 -6.26965E-03  2.42098E-04
   586  5.35836E+00 -5.47780E-02 -7.29163E-03 -9.74435E-05 -4.73890E-02 -5.54616E-03  2.12942E-04
   587  5.44117E+00 -5.28025E-02 -6.48775E-03 -8.69120E-05 -4.62278E-02 -4.90409E-03  1.87036E-04
   588  5.52496E+00 -5.09213E-02 -5.76372E-03 -7.74051E-05 -4.50802E-02 -4.33395E-03  1.64050E-04
   589  5.60973E+00 -4.91283E-02 -5.11265E-03 -6.88358E-05 -4.39469E-02 -3.82752E-03  1.43684E-04
   590  5.69547E+00 -4.74178E-02 -4.52813E-03 -6.11234E-05 -4.28286E-02 -3.37763E-03  1.25664E-04
   591  5.78221E+00 -4.57845E-02 -4.00421E-03 -5.41928E-05 -4.17260E-02 -2.97802E-03  1.09744E-04
   592  5.86994E+00 -4.42232E-02 -3.53538E-03 -4.79744E-05 -4.06399E-02 -2.62318E-03  9.56991E-05
   593  5.95866E+00 -4.27296E-02 -3.11652E-03 -4.24039E-05 -3.95707E-02 -2.30823E-03  8.33274E-05
   594  6.04838E+00 -4.12993E-02 -2.74293E-03 -3.74217E-05 -3.85189E-02 -2.02887E-03  7.24460E-05
   595  6.13910E+00 -3.99283E-02 -2.41028E-03 -3.29729E-05 -3.74851E-02 -1.78125E-03  6.28899E-05
   596  6.23083E+00 -3.86131E-02 -2.11458E-03 -2.90068E-05 -3.64695E-02 -1.56195E-03  5.45108E-05
   597  6.32356E+00 -3.73503E-02 -1.85217E-03 -2.54769E-05 -3.54727E-02 -1.36791E-03  4.71751E-05
   598  6.41731E+00 -3.61367E-02 -1.61969E-03 -2.23405E-05 -3.44947E-02 -1.19640E-03  4.07631E-05
   599  6.51207E+00 -3.49696E-02 -1.41408E-03 -1.95584E-05 -3.35360E-02 -1.04498E-03  3.51675E-05
   600  6.60786E+00 -3.38462E-02 -1.23255E-03 -1.70948E-05 -3.25966E-02 -9.11456E-04  3.02921E-05
   601  6.70466E+00 -3.27642E-02 -1.07256E-03 -1.49169E-05 -3.16767E-02 -7.93855E-04  2.60512E-05
   602  6.80248E+00 -3.17213E-02 -9.31790E-04 -1.29949E-05 -3.07765E-02 -6.90418E-04  2.23682E-05
   603  6.90133E+00 -3.07154E-02 -8.08155E-04 -1.13017E-05 -2.98960E-02 -5.99563E-04  1.91750E-05
   604  7.00121E+00 -2.97448E-02 -6.99756E-04 -9.81261E-06 -2.90352E-02 -5.19875E-04  1.64111E-05
   605  7.10212E+00 -2.88075E-02 -6.04883E-04 -8.50542E-06 -2.81941E-02 -4.50083E-04  1.40227E-05
   606  7.20406E+00 -2.79021E-02 -5.21995E-04 -7.35989E-06 -2.73727E-02 -3.89051E-04  1.19624E-05
   607  7.30704E+00 -2.70270E-02 -4.49707E-04 -6.35783E-06 -2.65709E-02 -3.35762E-04  1.01881E-05
   608  7.41105E+00 -2.61808E-02 -3.86774E-04 -5.48282E-06 -2.57886E-02 -2.89523E-04  8.66262E-06
   609  7.51610E+00 -2.53624E-02 -3.32084E-04 -4.72015E-06 -2.50256E-02 -2.49249E-04  7.35339E-06
   610  7.62220E+00 -2.45705E-02 -2.84643E-04 -4.05657E-06 -2.42818E-02 -2.14209E-04  6.23166E-06
   611  7.72933E+00 -2.38041E-02 -2.43563E-04 -3.48027E-06 -2.35570E-02 -1.83777E-04  5.27225E-06
   612  7.83750E+00 -2.30621E-02 -2.08055E-04 -2.98068E-06 -2.28510E-02 -1.57396E-04  4.45309E-06
   613  7.94672E+00 -2.23436E-02 -1.77420E-04 -2.54837E-06 -2.21636E-02 -1.34568E-04  3.75490E-06
   614  8.05698E+00 -2.16478E-02 -1.51035E-04 -2.17497E-06 -2.14946E-02 -1.14850E-04  3.16086E-06
   615  8.16829E+00 -2.09738E-02 -1.28353E-04 -1.85304E-06 -2.08436E-02 -9.78507E-05  2.65631E-06
   616  8.28064E+00 -2.03208E-02 -1.08889E-04 -1.57601E-06 -2.02104E-02 -8.32216E-05  2.22853E-06
   617  8.39405E+00 -1.96882E-02 -9.22178E-05 -1.33804E-06 -1.95947E-02 -7.06556E-05  1.86647E-06
   618  8.50850E+00 -1.90753E-02 -7.79636E-05 -1.13401E-06 -1.89962E-02 -5.98818E-05  1.56059E-06
   619  8.62399E+00 -1.84814E-02 -6.57985E-05 -9.59400E-07 -1.84146E-02 -5.06615E-05  1.30261E-06
   620  8.74054E+00 -1.79059E-02 -5.54354E-05 -8.10248E-07 -1.78496E-02 -4.27855E-05  1.08544E-06
   621  8.85813E+00 -1.73482E-02 -4.66234E-05 -6.83077E-07 -1.73009E-02 -3.60702E-05  9.02926E-07
   622  8.97677E+00 -1.68078E-02 -3.91441E-05 -5.74850E-07 -1.67681E-02 -3.03552E-05  7.49823E-07
   623  9.09646E+00 -1.62842E-02 -3.28074E-05 -4.82916E-07 -1.62509E-02 -2.55006E-05  6.21618E-07
   624  9.21720E+00 -1.57768E-02 -2.74487E-05 -4.04968E-07 -1.57490E-02 -2.13845E-05  5.14453E-07
   625  9.33899E+00 -1.52852E-02 -2.29254E-05 -3.39001E-07 -1.52620E-02 -1.79011E-05  4.25036E-07
   626  9.46182E+00 -1.48089E-02 -1.91141E-05 -2.83278E-07 -1.47895E-02 -1.49586E-05  3.50560E-07
   627  9.58570E+00 -1.43475E-02 -1.59088E-05 -2.36295E-07 -1.43313E-02 -1.24777E-05  2.88640E-07
   628  9.71063E+00 -1.39004E-02 -1.32179E-05 -1.96756E-07 -1.38870E-02 -1.03898E-05  2.37250E-07
   629  9.83660E+00 -1.34674E-02 -1.09630E-05 -1.63544E-07 -1.34563E-02 -8.63599E-06  1.94676E-07
   630  9.96361E+00 -1.30480E-02 -9.07701E-06 -1.35697E-07 -1.30387E-02 -7.16553E-06  1.59470E-07
   631  1.00917E+01 -1.26417E-02 -7.50239E-06 -1.12393E-07 -1.26341E-02 -5.93494E-06  1.30407E-07
   632  1.02208E+01 -1.22482E-02 -6.19015E-06 -9.29261E-08 -1.22419E-02 -4.90700E-06  1.06458E-07
   633  1.03509E+01 -1.18672E-02 -5.09856E-06 -7.66957E-08 -1.18620E-02 -4.04995E-06  8.67594E-08
   634  1.04821E+01 -1.14982E-02 -4.19219E-06 -6.31884E-08 -1.14940E-02 -3.33669E-06  7.05852E-08
   635  1.06143E+01 -1.11409E-02 -3.44096E-06 -5.19683E-08 -1.11374E-02 -2.74420E-06  5.73285E-08
   636  1.07476E+01 -1.07950E-02 -2.81946E-06 -4.26652E-08 -1.07922E-02 -2.25295E-06  4.64823E-08
   637  1.08818E+01 -1.04601E-02 -2.30622E-06 -3.49660E-08 -1.04578E-02 -1.84639E-06  3.76242E-08
   638  1.10172E+01 -1.01359E-02 -1.88315E-06 -2.86058E-08 -1.01340E-02 -1.51054E-06  3.04025E-08
   639  1.11535E+01 -9.82209E-03 -1.53504E-06 -2.33616E-08 -9.82053E-03 -1.23362E-06  2.45253E-08
   640  1.12909E+01 -9.51832E-03 -1.24912E-06 -1.90454E-08 -9.51705E-03 -1.00570E-06  1.97508E-08
   641  1.14293E+01 -9.22430E-03 -1.01471E-06 -1.54995E-08 -9.22326E-03 -8.18457E-07  1.58789E-08
   642  1.15687E+01 -8.93973E-03 -8.22877E-07 -1.25918E-08 -8.93889E-03 -6.64916E-07  1.27446E-08
   643  1.17092E+01 -8.66432E-03 -6.66167E-07 -1.02118E-08 -8.66365E-03 -5.39238E-07  1.02117E-08
   644  1.18507E+01 -8.39780E-03 -5.38378E-07 -8.26727E-09 -8.39725E-03 -4.36557E-07  8.16853E-09
   645  1.19932E+01 -8.13989E-03 -4.34361E-07 -6.68143E-09 -8.13944E-03 -3.52816E-07  6.52319E-09
   646  1.21367E+01 -7.89031E-03 -3.49843E-07 -5.39046E-09 -7.88995E-03 -2.84645E-07  5.20056E-09
   647  1.22812E+01 -7.64880E-03 -2.81293E-07 -4.34143E-09 -7.64852E-03 -2.29251E-07  4.13920E-09
   648  1.24267E+01 -7.41512E-03 -2.25791E-07 -3.49054E-09 -7.41490E-03 -1.84319E-07  3.28898E-09
   649  1.25732E+01 -7.18902E-03 -1.80934E-07 -2.80160E-09 -7.18883E-03 -1.47940E-07  2.60906E-09
   650  1.27208E+01 -6.97025E-03 -1.44744E-07 -2.24480E-09 -6.97010E-03 -1.18538E-07  2.06628E-09
   651  1.28693E+01 -6.75857E-03 -1.15598E-07 -1.79559E-09 -6.75845E-03 -9.48170E-08  1.63372E-09
   652  1.30189E+01 -6.55377E-03 -9.21664E-08 -1.43383E-09 -6.55368E-03 -7.57142E-08  1.28959E-09
   653  1.31694E+01 -6.35562E-03 -7.33613E-08 -1.14302E-09 -6.35554E-03 -6.03576E-08  1.01628E-09
   654  1.33209E+01 -6.16390E-03 -5.82958E-08 -9.09648E-10 -6.16384E-03 -4.80343E-08  7.99583E-10
   655  1.34734E+01 -5.97841E-03 -4.62472E-08 -7.22705E-10 -5.97836E-03 -3.81627E-08  6.28069E-10
   656  1.36269E+01 -5.79894E-03 -3.66280E-08 -5.73217E-10 -5.79890E-03 -3.02689E-08  4.92544E-10
   657  1.37814E+01 -5.62530E-03 -2.89616E-08 -4.53889E-10 -5.62527E-03 -2.39678E-08  3.85639E-10
   658  1.39369E+01 -5.45729E-03 -2.28621E-08 -3.58803E-10 -5.45726E-03 -1.89467E-08  3.01450E-10
   659  1.40933E+01 -5.29473E-03 -1.80177E-08 -2.83165E-10 -5.29471E-03 -1.49526E-08  2.35262E-10
   660  1.42507E+01 -5.13744E-03 -1.41765E-08 -2.23102E-10 -5.13743E-03 -1.17810E-08  1.83312E-10
   661  1.44091E+01 -4.98525E-03 -1.11361E-08 -1.75490E-10 -4.98524E-03 -9.26680E-09  1.42607E-10
   662  1.45684E+01 -4.83798E-03 -8.73354E-09 -1.37811E-10 -4.83797E-03 -7.27717E-09  1.10764E-10
   663  1.47287E+01 -4.69548E-03 -6.83823E-09 -1.08045E-10 -4.69547E-03 -5.70538E-09  8.58947E-11
   664  1.48899E+01 -4.55758E-03 -5.34563E-09 -8.45705E-11 -4.55758E-03 -4.46578E-09  6.65045E-11
   665  1.50521E+01 -4.42414E-03 -4.17211E-09 -6.60886E-11 -4.42413E-03 -3.48983E-09  5.14106E-11
   666  1.52153E+01 -4.29499E-03 -3.25100E-09 -5.15621E-11 -4.29499E-03 -2.72276E-09  3.96803E-11
   667  1.53794E+01 -4.17001E-03 -2.52922E-09 -4.01638E-11 -4.17000E-03 -2.12086E-09  3.05788E-11
   668  1.55444E+01 -4.04904E-03 -1.96457E-09 -3.12350E-11 -4.04904E-03 -1.64938E-09  2.35284E-11
   669  1.57104E+01 -3.93196E-03 -1.52356E-09 -2.42524E-11 -3.93196E-03 -1.28066E-09  1.80756E-11
   670  1.58773E+01 -3.81863E-03 -1.17969E-09 -1.88008E-11 -3.81863E-03 -9.92785E-10  1.38652E-11
   671  1.60451E+01 -3.70893E-03 -9.11996E-10 -1.45516E-11 -3.70893E-03 -7.68402E-10  1.06192E-11
   672  1.62139E+01 -3.60274E-03 -7.03949E-10 -1.12450E-11 -3.60274E-03 -5.93797E-10  8.12077E-12
   673  1.63835E+01 -3.49994E-03 -5.42528E-10 -8.67613E-12 -3.49994E-03 -4.58146E-10  6.20072E-12
   674  1.65541E+01 -3.40041E-03 -4.17458E-10 -6.68366E-12 -3.40041E-03 -3.52933E-10  4.72750E-12
   675  1.67256E+01 -3.30404E-03 -3.20739E-10 -5.14075E-12 -3.30404E-03 -2.71460E-10  3.59889E-12
   676  1.68981E+01 -3.21074E-03 -2.46033E-10 -3.94790E-12 -3.21074E-03 -2.08471E-10  2.73561E-12
   677  1.70714E+01 -3.12038E-03 -1.88450E-10 -3.02717E-12 -3.12038E-03 -1.59851E-10  2.07631E-12
   678  1.72456E+01 -3.03289E-03 -1.44126E-10 -2.31762E-12 -3.03289E-03 -1.22383E-10  1.57358E-12
   679  1.74207E+01 -2.94815E-03 -1.10049E-10 -1.77168E-12 -2.94815E-03 -9.35540E-11  1.19081E-12
   680  1.75967E+01 -2.86608E-03 -8.39151E-11 -1.35228E-12 -2.86608E-03 -7.14076E-11  8.99828E-13
   681  1.77736E+01 -2.78658E-03 -6.38778E-11 -1.03060E-12 -2.78658E-03 -5.44215E-11  6.78956E-13
   682  1.79513E+01 -2.70958E-03 -4.85443E-11 -7.84269E-13 -2.70958E-03 -4.14136E-11  5.11555E-13
   683  1.81300E+01 -2.63498E-03 -3.68487E-11 -5.95920E-13 -2.63498E-03 -3.14678E-11  3.84871E-13
   684  1.83095E+01 -2.56271E-03 -2.79243E-11 -4.52132E-13 -2.56271E-03 -2.38750E-11  2.89144E-13
   685  1.84899E+01 -2.49269E-03 -2.11315E-11 -3.42531E-13 -2.49269E-03 -1.80875E-11  2.16915E-13
   686  1.86711E+01 -2.42484E-03 -1.59730E-11 -2.59116E-13 -2.42484E-03 -1.36827E-11  1.62498E-13
   687  1.88532E+01 -2.35908E-03 -1.20508E-11 -1.95728E-13 -2.35908E-03 -1.03355E-11  1.21560E-13
   688  1.90362E+01 -2.29536E-03 -9.08074E-12 -1.47631E-13 -2.29536E-03 -7.79571E-12  9.08076E-14
   689  1.92200E+01 -2.23360E-03 -6.83542E-12 -1.11192E-13 -2.23360E-03 -5.87153E-12  6.77399E-14
   690  1.94046E+01 -2.17374E-03 -5.13012E-12 -8.36262E-14 -2.17374E-03 -4.41592E-12  5.04617E-14
   691  1.95901E+01 -2.11570E-03 -3.85114E-12 -6.28044E-14 -2.11570E-03 -3.31641E-12  3.75385E-14
   692  1.97764E+01 -2.05944E-03 -2.88480E-12 -4.70996E-14 -2.05944E-03 -2.48711E-12  2.78865E-14
   693  1.99636E+01 -2.00490E-03 -2.14584E-12 -3.52719E-14 -2.00490E-03 -1.86255E-12  2.06878E-14
   694  2.01516E+01 -1.95201E-03 -1.60583E-12 -2.63772E-14 -1.95201E-03 -1.39286E-12  1.53265E-14
   695  2.03404E+01 -1.90072E-03 -1.19371E-12 -1.96978E-14 -1.90072E-03 -1.04015E-12  1.13392E-14
   696  2.05300E+01 -1.85098E-03 -8.81073E-13 -1.46894E-14 -1.85098E-03 -7.75678E-13  8.37795E-15
   697  2.07204E+01 -1.80273E-03 -6.53699E-13 -1.09392E-14 -1.80273E-03 -5.77649E-13  6.18174E-15
   698  2.09117E+01 -1.75594E-03 -4.83169E-13 -8.13522E-15 -1.75594E-03 -4.29584E-13  4.55517E-15
   699  2.11037E+01 -1.71054E-03 -3.55271E-13 -6.04167E-15 -1.71054E-03 -3.19033E-13  3.35214E-15
   700  2.12966E+01 -1.66650E-03 -2.55795E-13 -4.48079E-15 -1.66650E-03 -2.36610E-13  2.46359E-15
   701  2.14902E+01 -1.62377E-03 -1.84741E-13 -3.31865E-15 -1.62377E-03 -1.75243E-13  1.80819E-15
   702  2.16847E+01 -1.58231E-03 -1.42109E-13 -2.45462E-15 -1.58231E-03 -1.29617E-13  1.32543E-15
   703  2.18799E+01 -1.54207E-03 -1.13687E-13 -1.81312E-15 -1.54207E-03 -9.57424E-14  9.70299E-16
   704  2.20759E+01 -1.50301E-03 -0.00000E+00 -1.33749E-15 -1.50301E-03 -7.06265E-14  7.09408E-16
   705  2.75948E+01 -7.86798E-04  0.00000E+00  0.00000E+00 -7.86798E-04  0.00000E+00  0.00000E+00
   706  3.44935E+01 -4.08652E-04  0.00000E+00  0.00000E+00 -4.08652E-04  0.00000E+00  0.00000E+00
   707  4.31169E+01 -2.11168E-04  0.00000E+00  0.00000E+00 -2.11168E-04  0.00000E+00  0.00000E+00
   708  5.38962E+01 -1.08760E-04  0.00000E+00  0.00000E+00 -1.08760E-04  0.00000E+00  0.00000E+00
   709  6.73702E+01 -5.58973E-05  0.00000E+00  0.00000E+00 -5.58973E-05  0.00000E+00  0.00000E+00
   710  8.42128E+01 -2.86892E-05  0.00000E+00  0.00000E+00 -2.86892E-05  0.00000E+00  0.00000E+00
   711  8.42128E+01 -0.00000E+00  0.00000E+00  0.00000E+00  0.00000E+00  0.00000E+00  0.00000E+00
   712  1.68426E+02 -0.00000E+00  0.00000E+00  0.00000E+00  0.00000E+00  0.00000E+00  0.00000E+00
   713  3.36851E+02 -0.00000E+00  0.00000E+00  0.00000E+00  0.00000E+00  0.00000E+00  0.00000E+00
   714  6.73702E+02 -0.00000E+00  0.00000E+00  0.00000E+00  0.00000E+00  0.00000E+00  0.00000E+00
   715  1.34740E+03 -0.00000E+00  0.00000E+00  0.00000E+00  0.00000E+00  0.00000E+00  0.00000E+00
   716  2.69481E+03 -0.00000E+00  0.00000E+00  0.00000E+00  0.00000E+00  0.00000E+00  0.00000E+00
   717  5.38962E+03 -0.00000E+00  0.00000E+00  0.00000E+00  0.00000E+00  0.00000E+00  0.00000E+00
   718  1.07792E+04 -0.00000E+00  0.00000E+00  0.00000E+00  0.00000E+00  0.00000E+00  0.00000E+00
