4.076306604794654e-08
2.0484630196336068e-07
5.943635958482671e-07
1.3391156158452557e-06
2.6043439292792704e-06
4.599218373704269e-06
7.5869704092039826e-06
1.1897010407753216e-05
1.7939352869383275e-05
2.622192210704366e-05
3.7371255488762855e-05
5.215701004548913e-05
7.15214041680532e-05
9.661409612759661e-05
0.000128833404028369
0.00016987547184667826
0.00022179205623208752
0.0002870588305224871
0.0003686559811388344
0.00047016238923460455
0.000595866824529513
0.0007508968011211634
0.0009413723567856695
0.0011745781603686694
0.0014591679267104453
0.0018054110543470022
0.0022254469895726294
0.002733617859811848
0.0033468127883291175
0.004084901932401875
0.00497117080110399
0.0060328721912647635
0.007301829738567241
0.008815072195102568
0.010615608571831223
0.012753238915695032
0.01528544479336444
0.01827836378261002
0.021807863883260697
0.025960619430878934
0.030835347156942666
0.03654390541230775
0.04321258000152726
0.05098321459168503
0.06001428376520495
0.0704819514530118
0.0825806709107216
0.09652378478723898
0.11254346373156597
0.1308905081579717
0.15183312184744988
0.17565524799601065
0.2026539882291219
0.23313606358018288
0.267413390970773
0.3057961501558403
0.34858889870235105
0.3960786598552237
0.44853060589115135
0.506175545567409
0.5692022728587146
0.6377503597178595
0.7118997030323551
0.7916703869935141
0.8770193720689327
0.9678468476216424
1.0640073349242236
1.165328864056393
1.271644336254052
1.3828281005861798
1.498848431202064
1.6198273824772744
1.746103733778236
1.8783102962342195
2.017437791497897
2.1649017859502924
2.3225825094123334
2.4928475117250226
2.678530334657142
2.8828680109550677
3.109379526206834
3.361690889948944
3.643305069665895
3.957319817568809
4.30612897015853
4.6911154694759825
5.112387790382529
5.568599137750795
6.056904577181801
6.573084364987681
7.1118873278026635
7.6675964710895945
8.234800457703408
8.809307159878406
9.389147987073887
9.975442012633524
10.573088237007081
11.190950579620576
11.841562379230748
12.540103236240894
13.302724017329043
14.144335317026783
15.076063935780322
16.102745046692526
17.22092160941704
18.417705055456516
19.67098573243771
20.951035702459762
22.22365692763217
23.454423639789212
24.613591994809664
25.680844012780632
26.64903600549114
27.526193161626452
28.335178269008715
29.110847405163188
29.895010823907633
30.729966125137416
31.65165878335061
32.68377403413429
33.83381432916036
35.091892832420825
36.432413742874836
37.818231797224065
39.20642345112742
40.55457827013724
41.82648269546783
42.99632547104843
44.05089140236765
44.989563179315184
45.82245816023831
46.56723904368599
47.24515610643605
47.877178532907315
48.48073410415849
49.06751094242531
49.642512436175146
50.20431388809035
50.74638214786786
51.259000050199425
51.731465591101056
52.15414441210182
52.52006371895688
52.82587342641207
53.07209272073372
53.26271970096459
53.404387885986495
53.50527822366012
53.57402762956858
53.6188040304783
53.64667423028308
53.66328433789978
53.67282027458413
53.67816554053724
53.681164424293
53.682909405083535
53.68399792462541
53.68473142877787
53.68525210403328
53.68562642087709
53.68588995170573
53.686067696469415
53.686181059929844
53.686248885574116
53.686286742094254
53.68630636153395
53.68631576163028
53.686319906352104
53.686321580053686
53.686322195847566
53.68632240113348
53.686322462772054
53.686322479335445
53.68632248329155
53.686322484125284
53.68632248427912
53.68632248430376
53.686322484307155
53.68632248430755
53.686322484307595
53.686322484307595
53.686322484307595
