0   -1.3162136191734917   -0.0243042870998047
1   0.7594830147174062   -1.0982528397741482
2   -0.9154261186111615   -1.843166661342836
3   0.20175227462056652   -2.3943688823172966
4   0.914915500269308   -2.826390745043938
5   -1.5496181707438654   -3.179764344488214
6   -0.9047544107260963   -3.477978213068387
7   -0.5280328391981131   -3.735592688454243
8   -0.04786848711564416   -3.9621693395894986
9   0.41026465794909345   -4.164291343270278
10   0.6474073030129562   -4.346670146523773
11   1.0320565000223394   -4.512787073520963
12   1.41877993039202   -4.665283993626209
13   -1.5535042811126318   -4.806211381071866
14   -1.2697108571062736   -4.937191588383326
15   -0.8869047940146301   -5.059529696791554
16   -0.6820562116222288   -5.1742908290668135
17   -0.5540511858100867   -5.282355356670899
18   -0.23715197576186103   -5.384459148449968
19   0.12314815015314748   -5.481223458948457
20   0.3288650370401761   -5.573177490719691
21   0.3970268418333446   -5.66077567919944
22   0.6020635531696216   -5.744411111769556
23   0.960261662280507   -5.824426071888424
24   1.372141430976786   -5.901120415589415
25   -1.3629830478341414   -5.97475829300392
26   -0.9924771356594682   -6.04557359171598
27   -0.6755961308039868   -6.113774382481122
28   -0.4229381976716383   -6.179546578648196
29   -0.23869660093837664   -6.243056970243226
30   -0.11909007487522603   -6.304455756550421
31   -0.051823911461562136   -6.363878673363175
32   -0.019617543661189025   -6.421448790251275
33   -0.006506914825655329   -6.477278037358187
34   -0.0019140902452852195   -6.53146850909751
35   -0.0005054222136605894   -6.584113582722314
36   -0.00012100871212182604   -6.6352988824150385
37   -2.6478118749771246e-05   -6.685103113790062
38   -5.328413517263036e-06   -6.733598789147585
39   -9.912616721366828e-07   -6.780852860191061
40   -1.7121796223766835e-07   -6.8269272720139496
