0   1.2468079270062437e+20   1.246807942913628e+20   9.089229903840349e+22
1   124152851.8244319   124189632.95262693   90534242422.46507
2   8371985.91721391   7778565.098472821   5670573956.786686
3   1366588.5443115027   1537921.4560423014   1121144741.4548378
4   392075.4935247283   486943.22603565856   354981611.7799952
5   153496.8859489675   199583.03441042817   145496032.08520213
6   54810.31686675512   96316.1584333496   70214479.49791186
7   16130.829797368697   52028.35455674552   37928670.47186749
8   8272.284809552842   30523.490335926057   22251624.454890095
9   9992.696342974317   19073.185930202693   13904352.543117767
10   10163.183600198836   12526.557804242295   9131860.639292633
11   6937.860620183367   8565.251688605287   6244068.480993253
12   3051.7493244854595   6054.894163158838   4414017.844942794
13   1245.9044634637162   4401.705399067086   3208843.235919905
14   2088.2550975847635   3277.0849624793073   2388994.937647415
15   4250.901444699435   2490.480968625954   1815560.6261283206
16   5984.254041056389   1926.9035120485514   1404712.660283394
17   6371.384403395312   1514.5348385307898   1104095.8972889457
18   5624.949860977009   1207.15648129216   880017.0748619844
19   4556.1661684561495   974.2301003535016   710213.7431577028
20   3836.1272173606394   795.1007351744021   579628.4359421391
21   3603.9231510697186   655.5036006671935   477862.1248863841
22   3568.289706047667   545.4006861071707   397597.1001721274
23   3370.9408831792666   457.6076751016329   333595.99514909036
24   2874.9144034890955   386.90299133396   282052.2806824569
25   2200.086576154618   329.43797960608003   240160.2871328324
26   1562.316698134302   282.3392476548137   205825.31154035917
27   1095.4014252974712   243.43604898416487   177464.8797094562
28   791.4447850745787   211.0705003320486   153870.39474206345
29   565.6549825741163   183.96358410317185   134109.45281121228
30   356.19235045767516   161.11929385657126   117455.96522144043
31   169.82545300010494   141.75522922770372   103339.562106996
32   52.78532712095425   125.25177243018392   91308.54210160411
33   31.888986990142307   111.11447840066602   81002.45475408554
34   83.58100952523564   98.94596845534409   72131.61100394583
35   151.8458417542581   88.42473190094489   64461.62955578884
36   191.09284564230742   79.28899908074118   57801.68032986033
37   194.513630602659   71.32437250761075   51995.467558048236
38   187.72321473942992   64.35426743279253   46914.26095850576
39   198.84588443798978   58.23247014118647   42451.47073292493
40   232.53462702416905   52.83730511175914   38518.395426472416
41   267.26534357651536   48.06703353791598   35040.867449140744
42   273.9759116681919   43.8362009157135   31956.590467555143
43   238.5211669238359   40.072721009581365   29213.01361598481
44   170.8862875295572   36.71553479535766   26765.62486581573
45   96.83935095981897   33.71272106609923   24576.57365718634
46   40.82802086628633   31.01996387276663   22613.553663246872
47   13.0481154383645   28.599303426590478   20848.892197984456
48   7.973299196221774   26.41811335535977   19258.804636057266
49   12.471375520639903   24.448259614974265   17822.78125931624
50   15.997594265862558   22.665405881723636   16523.08088777653
51   16.037211342520667   21.048437602760462   15344.311012412374
52   16.787923201024025   19.578982588828353   14273.078307255868
53   23.78136693006224   18.24101048616013   13297.696644410733
54   38.8465399488298   17.020496956644955   12407.942281394173
55   58.40845540754897   15.90514114746861   11594.847896504618
56   75.40729021054068   14.884127210441711   10850.528736412005
57   83.06362863333784   13.947922364245715   10168.035403535127
58   78.18322674956846   13.088105377097472   9541.22881990406
59   62.43553556567541   12.297220457643952   8964.673713622442
60   41.291537437031934   11.568652436047758   8433.547625878815
61   21.397496223042857   10.89651984008076   7943.562963418876
62   7.732506620275053   10.27558305760595   7490.900048994736
63   1.8465598014054583   9.701165254512121   7072.149470539337
64   1.8803759537805944   9.169084107536989   6684.262314394464
65   4.182948931118373   8.675592731506931   6324.507101268554
66   5.568823697552132   8.217328443842858   5990.432435561442
67   4.987197089667689   7.7912682264839335   5679.834537106789
68   3.7633974528956347   7.394689925254237   5390.728955510339
69   4.406859533244723   7.025138376028455   5121.3258761247425
70   8.778843371424378   6.680395771384553   4870.008517339341
71   16.720915876710745   6.358455685235018   4635.314194536329
72   25.90959461217678   6.057500259828587   4415.9176894150405
73   32.95878986840698   5.775880132453344   4210.616616558487
74   35.09650723818752   5.5120967405487535   4018.318523860041
75   31.483294058463567   5.264786695709443   3838.0295011721846
76   23.515128999803927   5.032707960843103   3668.8441034546217
77   14.049202355863793   4.814727601851562   3509.9364217497896
78   6.045275329148309   4.6098109167248   3360.5521582923798
79   1.3415270835738158   4.417011771773495   3220.001581622878
80   0.11539566387052139   4.235463997621975   3087.653254266419
81   1.167355094341266   4.064373717158766   2962.9284398087398
82   2.756688575040381   3.903012494413084   2845.2961084271383
83   3.5115235379259464   3.750711207722109   2734.2684704294174
84   2.990108076200429   3.606854562936214   2629.3969763805
85   1.7080726019990748   3.4708761730794477   2530.2687301749174
86   0.7199608658899319   3.342254140094068   2436.5032681285757
87   1.0219033175963856   3.22050708226456   2347.7496629708644
88   3.0677790805664955   3.105190557818655   2263.6839166498
89   6.586234926556464   2.995893841192958   2184.006610229667
90   10.724026962382725   2.8922370136579563   2108.4407829566503
91   14.402612946401607   2.793868334531317   2036.7300158733303
92   16.711530588294856   2.700461863162703   1968.636698245611
93   17.18285581864559   2.611715305327285   1903.940457583591
94   15.868858552992162   2.527348060686874   1842.4367362407313
95   13.236069925502449   2.4470994506248287   1783.9354995055003
96   9.95418805768945   2.370727108083783   1728.2600617930775
97   6.677674888919532   2.2980055130760966   1675.2460190324746
98   3.894633697719923   2.228724659332767   1624.7402766535877
99   1.8714040867075523   2.1626888391387484   1576.6001637321476
100   0.6769226834644799   2.099715534798654   1530.692624868219
101   0.24631779128957873   2.0396344064099985   1486.8934822728888
102   0.44354564109335426   1.9822863667120556   1445.0867613330886
103   1.100923720912309   1.927522734744565   1405.1640736287882
104   2.0356408065351754   1.875204460907276   1367.0240520014045
105   3.057547583739726   1.825201416771997   1330.571832826786
106   3.9834345913659988   1.7773917436749984   1295.718581139074
107   4.663267139800468   1.7316612547192936   1262.381054690365
108   5.011217430054766   1.6879028853524978   1230.4812034219706
109   5.026767354855273   1.6460161881640925   1199.9458011716238
110   4.7927280971431765   1.6059068679729223   1170.7061067522604
111   4.446455908900077   1.5674863536573844   1142.697551816233
112   4.132589457574067   1.530671403522322   1115.8594531677725
113   3.954170665560299   1.4953837413025226   1090.134747409539
114   3.940092802062975   1.4615497201770593   1065.4697460090763
115   4.040270811234839   1.42910001241487   1041.81390905044
116   4.148987478980739   1.397969322493234   1019.1196360975674
117   4.146363050726037   1.3680961217296739   997.3420727409325
118   3.9419929187150826   1.3394224026469368   976.4389315296169
119   3.5053634194340697   1.311893451452   956.3703261085078
120   2.8738036343449966   1.285457637155613   937.098617486442
121   2.137547335983063   1.2600662159901594   918.5882714568261
122   1.4094262052753181   1.235673149902331   900.8057262787994
123   0.7910512053061249   1.2122349380043898   883.7192698052003
124   0.34700809960042267   1.1897104599648767   867.2989253143952
125   0.09435135127288093   1.1680608304076217   851.5163453671563
126   0.00854535781294016   1.1472492634675946   836.3447130678763
127   0.04134628041470335   1.1272409467245166   821.7586501621727
128   0.14279205814046694   1.1080029238008273   807.7341314508033
129   0.2792496036080858   1.0895039849702763   794.2484050433313
130   0.441968304832437   1.0717145651777218   781.2799180145591
131   0.6445714783544064   1.054606648920112   768.8082470627617
132   0.9118468545596936   1.038153681483631   756.8140338015672
133   1.264795667328296   1.022330486073015   745.2789243472278
134   1.7075252287366083   1.0071131864064689   734.185512890316
135   2.2203198347197928   0.992479134383783   723.5172889657779
136   2.7607808105251945   0.9784068424664365   713.2585881580322
137   3.2722331667744413   0.9648759204370323   703.3945459985965
138   3.696513387968805   0.951867016231504   693.9110548327664
139   3.987299347933543   0.9393617605614271   684.7947234492802
140   4.1204022619300655   0.9273427150656733   676.0328392828759
141   4.098623730046434   0.9157933237507185   667.6133330142737
142   3.9503982545511174   0.9046978674973327   659.5247454055554
143   3.7229944667973145   0.8940414214282916   651.7561962212245
144   3.4721751180430624   0.8838098149472906   644.297355096575
145   3.2507531561960232   0.8739895942735191   637.1384142253953
146   3.098443475284794   0.8645679873095042   630.2700627486286
147   3.0349228488295172   0.8555328706919315   623.683462734418
148   3.057239478984469   0.846872738886303   617.3702266481148
149   3.14181808795891   0.838576675196568   611.3223962182981
150   3.250427808969214   0.8306343245703554   605.5324226117891
151   3.338747879041221   0.8230358680892016   599.993147837028
152   3.365701439710095   0.8157719990412581   594.6977873010771
153   3.30162814189241   0.8088339004814439   589.6399134509726
154   3.1336728633571433   0.802213224190972   584.8134404352186
155   2.8674325790615414   0.7959020709545618   580.2126097258755
156   2.5247786355188646   0.7898929720796423   575.8319766460593
157   2.138637904885856   0.7841788720873516   571.6663977516793
158   1.7461447119951268   0.7787531125102954   567.7110190200053
159   1.3818037802166816   0.7736094167367965   563.9612648011248
160   1.0720948026950794   0.7687418758458168   560.4128274916004
161   0.8324016327839228   0.76414493538088   557.0616578926615
162   0.666462609868702   0.7598133830152022   553.9039562180825
163   0.5679350028691059   0.7557423370638469   550.9361637195443
164   0.5233083093331495   0.7519272358021079   548.1549548997366
165   0.5153377151968287   0.7483638275525114   545.5572302857807
166   0.526334140614276   0.7450481615057958   543.1401097377252
167   0.5409049016847131   0.7419765792440431   540.9009262689074
168   0.5479547137849907   0.7391457069367688   538.8372203569045
169   0.5418602561933425   0.7365524481832967   536.9467347256233
170   0.5227410869564929   0.7341939774770828   535.2274095807933
171   0.4957487090712605   0.7320677342699249   533.6773782827753
172   0.4693750296446941   0.7301714176161092   532.2949634421436
173   0.4529789258715612   0.7285029813785967   531.0786734249969
174   0.45399728599497424   0.7270606299813105   530.0271992563753
175   0.4755261729922102   0.7258428146934437   529.1394119115205
176   0.5149956572235301   0.7248482304335315   528.4143599860445
177   0.5644417990945482   0.7240758130827791   527.851267737346
178   0.6124313033465263   0.7235247372988292   527.4495334908463
179   0.6471578035130999   0.723194414822818   527.2087284058342
180   0.6598021636743389   0.7230844932741946   527.1285955968879
