0   -1.5152490489838475   -0.0243042870998047
1   0.6499235337334262   -1.0982528397741482
2   -0.9520170296677044   -1.843166661342836
3   0.1887208802003838   -2.3943688823172966
4   0.9092590825943073   -2.826390745043938
5   -1.5523246834192677   3.1034209626913727
6   -0.9071334895381827   2.8052070941111995
7   -0.5302488691008421   2.5475926187253437
8   -0.049486606872387665   2.3210159675900877
9   0.40849385878585387   2.1188939639093083
10   0.6456839094127814   1.9365151606558133
11   1.0307655369783468   1.7703982336586235
12   1.4173672213120152   1.617901313553377
13   -1.5549899529871025   1.4769739261077206
14   -1.2707924926613625   1.34599371879626
15   -0.8879299357734083   1.2236556103880327
16   -0.6833075135640589   1.108894478112773
17   -0.5550955651463453   1.0008299505086875
18   -0.23790281126696375   0.898726158729618
19   0.122426519570288   0.8019618482311296
20   0.32796187652131925   0.7100078164598955
21   0.39615445613441735   0.6224096279801467
22   0.6014835758385243   0.5387741954100307
23   0.9598900965726219   0.4587592352911624
24   1.3718896824247477   0.38206489159017143
25   -1.3631604649767974   0.3084270141756662
26   -0.9926034902993265   0.23761171546360618
27   -0.6756845179798863   0.16941092469846478
28   -0.4229971096089222   0.10363872853139024
29   -0.23873275374422498   0.040128336936360115
30   -0.11910978616677767   -0.021270449370834867
31   -0.05183319092559925   -0.08069336618358822
32   -0.019621270162452062   -0.13826348307168843
33   -0.006508198319503115   -0.1940927301786004
34   -0.0019144751076089275   -0.24828320191792375
35   -0.0005055242905037109   -0.30092827554272783
36   -0.00012103296451934794   -0.352113575235452
37   -2.648332695574654e-05   -0.4019178066104751
38   -5.329430601022186e-06   -0.4504134819679988
39   -9.914429779055185e-07   -0.4976675530114745
40   -1.7124751847152415e-07   -0.5437419648343631
41   -2.7566453249315167e-08   -0.5886941426389459
42   -4.148979634478458e-09   -0.632577420750202
43   -5.852448990485725e-10   -0.675441421939383
44   -7.723159991310218e-11   -0.7173323938033425
45   -9.20511896286541e-12   -0.7582935079013946
46   -6.264717762321202e-13   -0.7983651264879483
47   3.946984030781398e-13   -0.8375850409616612
48   5.096799726266745e-13   -0.8759886855535394
49   5.219499990667456e-13   -0.9136093292753037
50   5.231931401883882e-13   -0.9504782487278997
51   5.23312915120809e-13   -0.9866248840146266
52   5.233239062960011e-13   -1.0220769797022515
53   5.233248682894313e-13   -1.05686071251774
54   5.233249487025231e-13   -1.0910008072501263
55   5.233249551301247e-13   -1.124520642140708
56   5.23324955621991e-13   -1.1574423448847548
57   5.233249556580654e-13   -1.189786880230481
58   5.233249556606038e-13   -1.22157413004233
59   5.233249556607752e-13   -1.252822966593112
60   5.233249556607865e-13   -1.283551319760482
61   5.233249556607871e-13   -1.3137762387260243
62   5.23324955660787e-13   -1.3435139487077998
63   5.233249556607871e-13   -1.3727799031983217
64   5.233249556607872e-13   -1.4015888321285075
65   5.233249556607871e-13   -1.4299547863329207
66   5.233249556607873e-13   -1.4578911786519073
67   5.233249556607873e-13   -1.485410821971208
68   5.233249556607873e-13   -1.512525964468862
69   5.233249556607873e-13   -1.5392483223117333
70   5.233249556607874e-13   -1.565589110019953
71   5.233249556607873e-13   -1.5915590686960062
72   5.233249556607872e-13   -1.6171684922961445
73   5.233249556607873e-13   -1.6424272521047392
74   5.233249556607874e-13   -1.6673448195571179
75   5.233249556607873e-13   -1.6919302875427638
76   5.233249556607872e-13   -1.716192390308701
77   5.233249556607871e-13   -1.7401395220719864
78   5.233249556607872e-13   -1.7637797544404739
79   5.233249556607871e-13   -1.787120852732231
80   5.233249556607871e-13   -1.8101702912761188
81   5.233249556607871e-13   -1.8329352677689064
82   5.23324955660787e-13   -1.8554227167578519
83   5.233249556607872e-13   -1.8776393223119106
84   5.233249556607871e-13   -1.8995915299394779
85   5.23324955660787e-13   -1.9212855578057224
86   5.233249556607869e-13   -1.942727407298413
87   5.233249556607871e-13   -1.9639228729870462
88   5.233249556607871e-13   -1.9848775520166375
89   5.233249556607872e-13   -2.0055968529742336
90   5.233249556607871e-13   -2.026086004263279
91   5.233249556607871e-13   -2.0463500620182185
92   5.233249556607871e-13   -2.066393917589334
93   5.23324955660787e-13   -2.0862223046254815
94   5.233249556607872e-13   -2.1058398057804038
95   5.23324955660787e-13   -2.1252508590663264
96   5.23324955660787e-13   -2.1444597638769074
97   5.23324955660787e-13   -2.1634706866999536
98   5.233249556607871e-13   -2.1822876665388793
99   5.23324955660787e-13   -2.200914620060551
100   5.23324955660787e-13   -2.219355346485907
101   5.233249556607871e-13   -2.2376135322386665
102   5.233249556607868e-13   -2.255692755366276
103   5.233249556607869e-13   -2.273596489746408
104   5.233249556607869e-13   -2.291328109091342
105   5.23324955660787e-13   -2.308890890761805
106   5.23324955660787e-13   -2.3262880194009976
107   5.233249556607872e-13   -2.343522590398924
108   5.233249556607871e-13   -2.3605976131964272
109   5.233249556607872e-13   -2.3775160144377576
110   5.233249556607874e-13   -2.3942806409799178
111   5.233249556607873e-13   -2.410894262766536
112   5.233249556607874e-13   -2.4273595755735027
113   5.233249556607875e-13   -2.4436792036331965
114   5.233249556607875e-13   -2.4598557021436664
115   5.233249556607873e-13   -2.4758915596687703
116   5.233249556607874e-13   -2.49178920043494
117   5.233249556607874e-13   -2.5075509865298016
118   5.233249556607873e-13   -2.5231792200077248
119   5.233249556607875e-13   -2.5386761449069026
120   5.233249556607874e-13   -2.5540439491824785
121   5.233249556607874e-13   -2.569284766559773
122   5.233249556607875e-13   -2.5844006783116433
123   5.233249556607874e-13   -2.5993937149635893
124   5.233249556607874e-13   -2.614265857930169
125   5.233249556607874e-13   -2.629019041085952
126   5.233249556607875e-13   -2.6436551522741816
127   5.233249556607874e-13   -2.6581760347560777
128   5.233249556607874e-13   -2.672583488603516
129   5.233249556607874e-13   -2.6868792720377725
130   5.233249556607874e-13   -2.7010651027168158
131   5.233249556607873e-13   -2.7151426589734338
132   5.233249556607872e-13   -2.7291135810065366
133   5.233249556607871e-13   -2.7429794720276592
134   5.233249556607872e-13   -2.7567418993647013
135   5.233249556607871e-13   -2.7704023955248274
136   5.233249556607872e-13   -2.783962459218269
137   5.23324955660787e-13   -2.7974235563448064
138   5.233249556607871e-13   -2.810787120944502
139   5.23324955660787e-13   -2.8240545561142625
140   5.233249556607871e-13   -2.8372272348916527
141   5.233249556607871e-13   -2.85030650110742
142   5.23324955660787e-13   -2.8632936702079643
143   5.233249556607872e-13   -2.8761900300491035
144   5.233249556607872e-13   -2.8889968416622387
145   5.233249556607872e-13   -2.9017153399941686
146   5.233249556607871e-13   -2.914346734621517
147   5.233249556607871e-13   -2.926892210440909
148   5.233249556607869e-13   -2.9393529283358144
149   5.23324955660787e-13   -2.9517300258210386
150   5.23324955660787e-13   -2.9640246176657175
151   5.233249556607869e-13   -2.9762377964957074
152   5.23324955660787e-13   -2.9883706333761526
153   5.23324955660787e-13   -3.0004241783750305
154   5.233249556607871e-13   -3.012399461108403
155   5.233249556607871e-13   -3.0242974912680682
156   5.233249556607871e-13   -3.036119259132334
157   5.23324955660787e-13   -3.047865736060506
158   5.233249556607869e-13   -3.0595378749717397
159   5.233249556607869e-13   -3.071136610808846
160   5.233249556607868e-13   -3.082662860987582
161   5.23324955660787e-13   -3.0941175258320324
162   5.23324955660787e-13   -3.1055014889965107
163   5.23324955660787e-13   -3.1168156178745625
164   5.233249556607869e-13   -3.1280607639954776
165   5.23324955660787e-13   -3.139237763408788
166   5.233249556607872e-13   3.1328378701223607
167   5.233249556607871e-13   3.121794716041141
168   5.233249556607871e-13   3.110817289723521
169   5.233249556607871e-13   3.0999048134193203
170   5.233249556607871e-13   3.0890565231011906
