0   1.2468445780209066e+20   1.2468445991807823e+20   9.089497128027902e+22
1   123760333.8607714   124193284.13915424   90536904137.44345
2   8499203.468390914   7778793.788995641   5670740672.177822
3   1359076.798192738   1537966.6710732728   1121177703.2124157
4   373392.8772481726   486957.54221088346   354992048.271734
5   149887.36600453896   199588.90216982953   145500309.68180576
6   58716.54512812857   96318.99013718565   70216543.81000836
7   19439.25404717227   52029.88419511127   37929785.578236125
8   8057.320302851288   30524.387729323797   22252278.654677056
9   6952.130662552074   19073.746683607347   13904761.332349753
10   6239.270865192019   12526.926086183392   9132129.116827693
11   3708.1724128994674   8565.503507785555   6244252.05717567
12   1079.5592410086897   6055.072177599069   4414147.6174697215
13   179.326743523765   4401.834809606983   3208937.5762034906
14   1163.9400429728444   3277.181309075872   2389065.174316311
15   2844.0355242284013   2490.55418899341   1815614.0037761964
16   3937.308507628554   1926.9601631874211   1404753.9589636298
17   4000.7752772662807   1514.5793659930746   1104128.3578089518
18   3479.0739806862225   1207.1919718027282   880042.9474441888
19   3103.6080476024094   974.258742807242   710234.6235064795
20   3259.3980043652623   795.1241112084805   579645.4770709822
21   3781.5193801744335   655.5228725327951   477876.1740764075
22   4210.418653638651   545.4167209370491   397608.7895631088
23   4199.966991930735   457.6211288089866   333605.8029017513
24   3742.9522534905773   386.9143663171669   282060.5730452147
25   3096.9796154162586   329.447665112705   240167.34786716197
26   2540.360768208281   282.3475484544267   205831.36282327707
27   2177.9846856931854   243.44320602619135   177470.0971930935
28   1925.0815714273604   211.076705823995   153874.9185456924
29   1634.5782057896029   183.96899264931062   134113.39564134745
30   1237.1560439437333   161.12403077849478   117459.41843752268
31   786.6288815205039   141.75939684436239   103342.60029954016
32   399.92489967211367   125.25545484370863   91311.22658106359
33   161.6176040825776   111.1177451764578   81004.83623363773
34   72.12581154122933   98.94887747583446   72133.73167988332
35   67.25548343069939   88.42733159612166   64463.5247335727
36   77.56969630544258   79.29133018454046   57803.379704529994
37   74.65623174675268   71.32646945066287   51996.99622953322
38   74.10814357694787   64.35615945412022   46915.64024205364
39   104.26723746761124   58.234182181115834   42452.71881003344
40   172.67293470241364   52.83885853334495   38519.52787080846
41   256.1054970670542   48.06844671308275   35041.89765383733
42   316.77206054010765   43.83748970401559   31957.529994227367
43   327.721636960334   40.07389915123121   29213.87248124755
44   287.8683287762049   36.71661423542685   26766.411777626177
45   218.61456777506828   33.7137122231711   24577.296210691726
46   148.16636908733665   31.020875862531593   22614.218503785534
47   95.96393509486354   28.60014424871771   20849.505157315212
48   66.21997428464681   26.41889005030012   19259.37084666879
49   51.51787920864182   24.44897839603512   17823.3052507096
50   41.324346400189405   22.666072246722255   16523.566667860527
51   29.218595999692557   21.0490564287443   15344.762136554595
52   15.45175203349581   19.579558212700864   14273.49793705893
53   5.032913592745463   18.24154677353088   13298.087597904014
54   3.6331883673990544   17.0209973608067   12408.307076028086
55   13.818742061202332   15.905608760067919   11595.188786089513
56   33.26114112747302   14.884564805138211   10850.847742945756
57   55.453976789961146   13.948332434434416   10168.33434470269
58   72.44709988475053   13.088490168588388   9541.509332900936
59   78.31246584541486   12.297581997046159   8964.937275846647
60   71.7001263247279   11.568992555483728   8433.795572947638
61   56.209397932511536   10.896840198757149   7943.796504893963
62   38.376563332877005   10.275885160684343   7491.120282138886
63   24.358762741179017   9.701450469654755   7072.357392378315
64   17.112885357421085   9.169353679445406   6684.458832315701
65   15.547068936348477   8.675847794723918   6324.693042353736
66   15.93874320445273   8.21757003404802   5990.608554821006
67   14.607062923136109   7.791497290479878   5680.001524759829
68   10.19847673866828   7.394907329811981   5390.887443432935
69   4.323494026952392   7.025344915736968   5121.47644357225
70   0.35517186528885475   6.680592175629074   4870.151696033594
71   1.26329955599382   6.358642624411665   4635.450473196103
72   7.799716245228779   6.057678350888298   4416.047517797569
73   18.00200092734985   5.776049943855642   4210.740409070762
74   28.153596662806983   5.5122587966952885   4018.4366627908653
75   34.5560018203924   5.264941480918122   3838.1423395893116
76   35.14283674408095   5.032855922915825   3668.951967805636
77   30.185555650725945   4.814869155281864   3510.039614200479
78   21.893068625036214   4.609946445585883   3360.6509588321087
79   13.254578038405118   4.417141632322145   3220.0962499628436
80   6.7547540211351365   4.235588520649518   3087.744031553498
81   3.528931770964168   4.0644932101164715   2963.0155501749077
82   3.225942927631235   3.9031272433361353   2845.379760392043
83   4.493723199854545   3.7508214789734504   2734.348858171645
84   5.761930576474693   3.606960604789088   2629.4742808912447
85   5.942522069011198   3.4709782171552677   2530.34312030619
86   4.782831579800199   3.342352402670395   2436.5749015467177
87   2.802281806110554   3.220601765466292   2347.8186870249265
88   0.9258207172152879   3.1052818507040576   2263.7504691632575
89   0.024728396468345067   2.9959819207449314   2184.0708202230544
90   0.5675079100249649   2.8923220456897525   2108.5027713078293
91   2.4955991963114528   2.7939504745149812   2036.7898959214212
92   5.323202612520047   2.7005412569875955   1968.6945763439574
93   8.370862699623077   2.6117920899952893   1903.996433606566
94   11.010522874945428   2.527422364950197   1842.4909040486934
95   12.82642080902872   2.4471713955717025   1783.987947371771
96   13.65671576782986   2.3707968076768244   1728.3108727964052
97   13.540569628136891   2.2980730746476183   1675.2952714181133
98   12.627763311567982   2.2287901840408737   1624.7880441657971
99   11.104692815898776   2.1627524223877237   1576.6465159206505
100   9.162341092712976   2.0997772666267425   1530.737627370895
101   6.998910547727534   2.039694371847436   1486.937197076781
102   4.830334231189215   1.9823446461118992   1445.1292470155745
103   2.8831707821879964   1.9275794040886374   1405.2053855806168
104   1.3614251295473436   1.8752595920893296   1367.0642426331215
105   0.39925484512089476   1.8252550778599963   1330.6109517599373
106   0.02328588440420697   1.777443999154251   1295.756675383449
107   0.1457593503938941   1.7317121657180026   1262.418168808424
108   0.5955495632644758   1.68795250985116   1230.5173796814956
109   1.1764353896792044   1.64606458119004   1199.981079687539
110   1.7298290874944524   1.6059540817812008   1170.7405256184952
111   2.1777943797880037   1.5675324378990405   1142.7311472284002
112   2.531357782245975   1.5307164054010889   1115.8922595373936
113   2.863908224240608   1.495427705720804   1090.1667974704665
114   3.2631322296829017   1.4615926898720362   1065.5010709167145
115   3.7820032335681026   1.4291420280854812   1041.8445384743159
116   4.407765191263344   1.3980104229187238   1019.1495983077498
117   5.059250131306628   1.3681363438803393   997.3713946887675
118   5.6113625995691105   1.3394617817876473   976.4676389231947
119   5.935788328602604   1.3119320212390364   956.3984434832577
120   5.942277088588577   1.2854954297273007   937.1261682712021
121   5.6062283512115165   1.2601032620517498   918.6152780357257
122   4.974475648766611   1.235709478805556   900.8322100492503
123   4.149339390057194   1.2122705778220488   883.7452512322735
124   3.2581395420286774   1.189745437560828   867.3244239818437
125   2.4191869609745766   1.1680951715024914   851.5413800253161
126   1.7150060164946883   1.147282992700499   836.3693016786636
127   1.1798572079798368   1.1272740877110856   821.7828099413814
128   0.8032132628373226   1.1080354991877688   807.7578789078834
129   0.5456768150433245   1.0895360164867303   794.2717560188264
130   0.3605007789136407   1.0717460736836124   781.3028877153534
131   0.21314079771454028   1.0546376544517053   768.8308500952932
132   0.09296224120673584   1.0381842032964828   756.8362842031358
133   0.014458195113719522   1.0223605426824791   745.3008356155273
134   0.008907445636912197   1.0071427956259358   734.2070980113073
135   0.11020872172322135   0.9925083133607869   723.5385604400137
136   0.3399693438466982   0.9784356077167757   713.2795580255296
137   0.6966326143393956   0.9649042878770305   703.4152258623553
138   1.15180789973431   0.9518950012085327   693.9314558810204
139   1.6546380441262085   0.9393893778827994   684.8148564765609
140   2.1427110175513873   0.9273699790260128   676.0527147099633
141   2.556306334934206   0.9158202481579009   667.6329609071097
142   2.8520402560137903   0.9047244656970899   659.5441354931785
143   3.0123297005673404   0.8940677063275632   651.7753579127935
144   3.0483547232357724   0.8838357990363996   644.3162974975353
145   2.9959818379613083   0.874015289647245   637.1571461528415
146   2.9059336636087143   0.8645934056871264   630.2885927459151
147   2.830889624387725   0.8555580234363019   623.7017990850642
148   2.8128409768173044   0.8468976370220089   617.3883773890445
149   2.873772927079458   0.8386013294272455   611.3403691524619
150   3.0117168271517656   0.8306587452952001   605.550225320201
151   3.2027213616635937   0.8230600654187336   600.0107876902567
152   3.4077626913947805   0.8157959828123783   594.7152714702237
153   3.5824683957095647   0.8088576802718341   589.6572489181672
154   3.687054172721014   0.8022368093328756   584.8306340036663
155   3.694137348317004   0.795925470547985   580.2296680294812
156   3.5929444684794016   0.7899161950050109   575.848906158653
157   3.3895567245678384   0.7842019270176598   571.6832047958741
158   3.1038732516986594   0.7787760079227775   567.7277097757049
159   2.764629445885181   0.7736321609241544   563.9778453137086
160   2.4039587198217225   0.7687644769270287   560.4293036798039
161   2.05268990462854   0.7641674013116233   557.0780355561734
162   1.7370255897877005   0.7598357215979114   553.9202410448772
163   1.4766918953874946   0.755764555957434   550.9523612929694
164   1.2842781844507003   0.7519493425313698   548.1710707053686
165   1.1653702887489696   0.7483858295172461   545.5732697180724
166   1.1191728475993514   0.7450700659896468   543.1560781064526
167   1.1394866359685127   0.7419983934230956   540.9168288054367
168   1.2160217360455505   0.7391674378879175   538.8530622202918
169   1.336014846468394   0.7365741028924015   536.9625210085608
170   1.4859969962734887   0.734215562846934   535.243145315415
171   1.653416152096928   0.7320892571280321   533.6930684463352
172   1.8277650041690208   0.7301928847223338   532.3106129625813
173   2.0009615303018804   0.7285243994326437   531.0942871863972
174   2.1669619968310485   0.727082005630095   530.0427821043394
175   2.320860020345879   0.725864154538348   529.1549686584557
176   2.4579163549287024   0.7248695410375677   528.4298954163868
177   2.5729770613965735   0.724097100977675   527.8667866127252
178   2.6605561148502814   0.7235460089920466   527.465040555202
179   2.7155561525404828   0.7232156768045246   527.2242283904984
