0   0.6556984938342315   -0.02431292820069597
1   0.15040547204282795   -1.0982645606594479
2   1.5293955806429105   -1.843182045146797
3   -0.6029323342772627   -2.3943875452743586
4   0.19795424114570206   -2.8264122027195433
5   1.0239562382645728   -3.179788188553768
6   -1.555112413084342   -3.4780041213290853
7   -1.0986643678122558   -3.7356204074975086
8   -0.509194803458135   -3.962198667544519
9   -0.13190385566663   -4.164322116678429
10   0.17580244569086792   -4.346702230877721
11   0.6516754222925008   -4.512820356486776
12   0.966668858292942   -4.665318380138915
13   1.1607185526565986   -4.806246789732422
14   1.556103808611153   -4.937227948767809
15   -1.2157556083906604   -5.0595669474089595
16   -1.0700033888910008   -5.174328915785373
17   -0.8510245729336006   -5.2823942314881895
18   -0.45882558666968065   -5.384498768519222
19   -0.10686245215652745   -5.48126378579847
20   0.04053694158448133   -5.573218489623053
21   0.1442354080203315   -5.660817318655746
22   0.43951786384621966   -5.74445336307882
23   0.8550307660564771   -5.82446890879598
24   1.2995195916975917   -5.901163813988045
25   -1.4151342340867241   -5.974802230682186
26   -1.0303081440795634   -6.045618048144192
27   -0.7025481463686233   -6.113819338628209
28   -0.4412409084015971   -6.179592016824101
29   -0.2501493960463665   -6.243102873962568
30   -0.1254636574834124   -6.304502110413954
31   -0.054889542470050845   -6.3639254629542545
32   -0.020876568708155158   -6.421496002045028
33   -0.006950921852491199   -6.477325658641512
34   -0.002050674505566687   -6.531516527898335
35   -0.0005426962413865288   -6.584161987746818
36   -0.00013015922263537663   -6.635347662991757
37   -2.8520153826770957e-05   -6.685152259819944
38   -5.745940000819864e-06   -6.7336482910592546
39   -1.0699634626062951e-06   -6.780902708900602
40   -1.8496297959457466e-07   -6.8269774588886705
