0   1.2468079270054029e+20   1.246807942913628e+20   9.089229903840349e+22
1   124151777.9315173   124189632.95262693   90534242422.46507
2   8371809.419425505   7778565.098472821   5670573956.786686
3   1366860.981459601   1537921.4560423014   1121144741.4548378
4   392188.4141296523   486943.22603565856   354981611.7799952
5   153496.3600645669   199583.03441042817   145496032.08520213
6   54775.10862406012   96316.1584333496   70214479.49791186
7   16099.533745560813   52028.35455674552   37928670.47186749
8   8255.935166611014   30523.490335926057   22251624.454890095
9   9989.412993217196   19073.185930202693   13904352.543117767
10   10166.715126986397   12526.557804242295   9131860.639292633
11   6941.870850505851   8565.251688605287   6244068.480993253
12   3051.72837898161   6054.894163158838   4414017.844942794
13   1239.7735548924193   4401.705399067086   3208843.235919905
14   2076.2274390956036   3277.0849624793073   2388994.937647415
15   4234.922089067848   2490.480968625954   1815560.6261283206
16   5967.239260706952   1926.9035120485514   1404712.660283394
17   6356.43312372295   1514.5348385307898   1104095.8972889457
18   5614.6640128671725   1207.15648129216   880017.0748619844
19   4552.176874771663   974.2301003535016   710213.7431577028
20   3838.8766010360273   795.1007351744021   579628.4359421391
21   3612.7018563734473   655.5036006671935   477862.1248863841
22   3581.485776441032   545.4006861071707   397597.1001721274
23   3386.424042074499   457.6076751016329   333595.99514909036
24   2890.4658214444203   386.90299133396   282052.2806824569
25   2213.7885833633295   329.43797960608003   240160.2871328324
26   1572.83646653573   282.3392476548137   205825.31154035917
27   1102.1316812350046   243.43604898416487   177464.8797094562
28   794.496394528045   211.0705003320486   153870.39474206345
29   565.7244329750257   183.96358410317185   134109.45281121228
30   354.34685544462957   161.11929385657126   117455.96522144043
31   167.2570025593694   141.75522922770372   103339.562106996
32   50.582479427285136   125.25177243018392   91308.54210160411
33   30.863878784253938   111.11447840066602   81002.45475408554
34   84.17274439981587   98.94596845534409   72131.61100394583
35   154.10419864317785   88.42473190094489   64461.62955578884
36   194.73154102872033   79.28899908074118   57801.68032986033
37   199.012339916032   71.32437250761075   51995.467558048236
38   192.45304358751986   64.35426743279253   46914.26095850576
39   203.19363963858913   58.23247014118647   42451.47073292493
40   236.0058690447987   52.83730511175914   38518.395426472416
41   269.5531407418196   48.06703353791598   35040.867449140744
42   274.9897781119142   43.8362009157135   31956.590467555143
43   238.37752174112265   40.072721009581365   29213.01361598481
44   169.86712581445235   36.71553479535766   26765.62486581573
45   95.32935463238205   33.71272106609923   24576.57365718634
46   39.24204642557222   31.01996387276663   22613.553663246872
47   11.761004940768572   28.599303426590478   20848.892197984456
48   7.262470408691501   26.41811335535977   19258.804636057266
49   12.479937331116178   24.448259614974265   17822.78125931624
50   16.722176033442814   22.665405881723636   16523.08088777653
51   17.340741135750513   21.048437602760462   15344.311012412374
52   18.433741735037643   19.578982588828353   14273.078307255868
53   25.48184388836514   18.24101048616013   13297.696644410733
54   40.317262294332934   17.020496956644955   12407.942281394173
55   59.4184626586918   15.90514114746861   11594.847896504618
56   75.81688743287592   14.884127210441711   10850.528736412005
57   82.84384420649694   13.947922364245715   10168.035403535127
58   77.41451432552255   13.088105377097472   9541.22881990406
59   61.287154097017385   12.297220457643952   8964.673713622442
60   39.986440840800576   11.568652436047758   8433.547625878815
61   20.169901677087715   10.89651984008076   7943.562963418876
62   6.7861965607186665   10.27558305760595   7490.900048994736
63   1.3213116731211463   9.701165254512121   7072.149470539337
64   1.8319167149691677   9.169084107536989   6684.262314394464
65   4.578969333541475   8.675592731506931   6324.507101268554
66   6.300484262679574   8.217328443842858   5990.432435561442
67   5.892840625323339   7.7912682264839335   5679.834537106789
68   4.659336967824266   7.394689925254237   5390.728955510339
69   5.119385570999031   7.025138376028455   5121.3258761247425
70   9.171988038907847   6.680395771384553   4870.008517339341
71   16.715809766786734   6.358455685235018   4635.314194536329
72   25.493110611706758   6.057500259828587   4415.9176894150405
73   32.18118493445849   5.775880132453344   4210.616616558487
74   34.059574741162166   5.5120967405487535   4018.318523860041
75   30.321842223589258   5.264786695709443   3838.0295011721846
76   22.37525925291772   5.032707960843103   3668.8441034546217
77   13.066875330223631   4.814727601851562   3509.9364217497896
78   5.328139407356487   4.6098109167248   3360.5521582923798
79   0.9561262340412652   4.417011771773495   3220.001581622878
80   0.08086254092217864   4.235463997621975   3087.653254266419
81   1.4556998971377164   4.064373717158766   2962.9284398087398
82   3.29894157064366   3.903012494413084   2845.2961084271383
83   4.208362296651873   3.750711207722109   2734.2684704294174
84   3.7252372315289026   3.606854562936214   2629.3969763805
85   2.3625204735142344   3.4708761730794477   2530.2687301749174
86   1.1855773280740236   3.342254140094068   2436.5032681285757
87   1.2126329861233704   3.22050708226456   2347.7496629708644
88   2.927685929214718   3.105190557818655   2263.6839166498
89   6.0937155860909336   2.995893841192958   2184.006610229667
90   9.892120961059614   2.8922370136579563   2108.4407829566503
91   13.275751566190017   2.793868334531317   2036.7300158733303
92   15.359417536165411   2.700461863162703   1968.636698245611
93   15.69240778685963   2.611715305327285   1903.940457583591
94   14.335234152107919   2.527348060686874   1842.4367362407313
95   11.753784000187029   2.4470994506248287   1783.9354995055003
96   8.609165681199622   2.370727108083783   1728.2600617930775
97   5.540878196863289   2.2980055130760966   1675.2460190324746
98   3.017633905477689   2.228724659332767   1624.7402766535877
99   1.2840101298637148   2.1626888391387484   1576.6001637321476
100   0.3867525230978633   2.099715534798654   1530.692624868219
101   0.24003483327641398   2.0396344064099985   1486.8934822728888
102   0.6893929744926437   1.9822863667120556   1445.0867613330886
103   1.5521688635382547   1.927522734744565   1405.1640736287882
104   2.634575846705248   1.875204460907276   1367.0240520014045
105   3.7397498971376093   1.825201416771997   1330.571832826786
106   4.682058560078105   1.7773917436749984   1295.718581139074
107   5.31319073165243   1.7316612547192936   1262.381054690365
108   5.552900594025726   1.6879028853524978   1230.4812034219706
109   5.40969114374114   1.6460161881640925   1199.9458011716238
110   4.978279754657251   1.6059068679729223   1170.7061067522604
111   4.410116163946838   1.5674863536573844   1142.697551816233
112   3.865276850789012   1.530671403522322   1115.8594531677725
113   3.462616007734702   1.4953837413025226   1090.134747409539
114   3.246162198994819   1.4615497201770593   1065.4697460090763
115   3.1792278804260414   1.42910001241487   1041.81390905044
116   3.1667764531226825   1.397969322493234   1019.1196360975674
117   3.096091147693739   1.3680961217296739   997.3420727409325
118   2.879877879009398   1.3394224026469368   976.4389315296169
119   2.4864773301145333   1.311893451452   956.3703261085078
120   1.9479773070483692   1.285457637155613   937.098617486442
121   1.3457947422183718   1.2600662159901594   918.5882714568261
122   0.7812042682271145   1.235673149902331   900.8057262787994
123   0.3425899020313133   1.2122349380043898   883.7192698052003
124   0.0808377555680074   1.1897104599648767   867.2989253143952
125   3.097726750762678e-05   1.1680608304076217   851.5163453671563
126   0.06447302167913575   1.1472492634675946   836.3447130678763
127   0.21742468636953907   1.1272409467245166   821.7586501621727
128   0.40364202107915914   1.1080029238008273   807.7341314508033
129   0.5876193651529106   1.0895039849702763   794.2484050433313
130   0.7619817417248441   1.0717145651777218   781.2799180145591
131   0.9444929840440337   1.054606648920112   768.8082470627617
132   1.1661105472325233   1.038153681483631   756.8140338015672
133   1.4551430475970497   1.022330486073015   745.2789243472278
134   1.8232065940083328   1.0071131864064689   734.185512890316
135   2.2574268470508265   0.992479134383783   723.5172889657779
136   2.720876793359863   0.9784068424664365   713.2585881580322
137   3.1605220840577917   0.9648759204370323   703.3945459985965
138   3.519829619333639   0.951867016231504   693.9110548327664
139   3.7522043531275475   0.9393617605614271   684.7947234492802
140   3.8316419013678193   0.9273427150656733   676.0328392828759
141   3.758136893080713   0.9157933237507185   667.6133330142737
142   3.5569828527122014   0.9046978674973327   659.5247454055554
143   3.2726424775288137   0.8940414214282916   651.7561962212245
144   2.9589965990674543   0.8838098149472906   644.297355096575
145   2.668331438038379   0.8739895942735191   637.1384142253953
146   2.4414093372507466   0.8645679873095042   630.2700627486286
147   2.3005105631536718   0.8555328706919315   623.683462734418
148   2.2465946372519863   0.846872738886303   617.3702266481148
149   2.2608644343599424   0.838576675196568   611.3223962182981
150   2.310162163276543   0.8306343245703554   605.5324226117891
151   2.3549095712435184   0.8230358680892016   599.993147837028
152   2.3578446580985406   0.8157719990412581   594.6977873010771
153   2.291701423367035   0.8088339004814439   589.6399134509726
154   2.1442705268868636   0.802213224190972   584.8134404352186
155   1.919921667852101   0.7959020709545618   580.2126097258755
156   1.6375181979820161   0.7898929720796423   575.8319766460593
157   1.3254943245434223   0.7841788720873516   571.6663977516793
158   1.0154692906967533   0.7787531125102954   567.7110190200053
159   0.7359817505754562   0.7736094167367965   563.9612648011248
160   0.5077058003724446   0.7687418758458168   560.4128274916004
161   0.34095936139158806   0.76414493538088   557.0616578926615
162   0.23563507565174466   0.7598133830152022   553.9039562180825
163   0.18309409171833702   0.7557423370638469   550.9361637195443
164   0.1692242212566   0.7519272358021079   548.1549548997366
165   0.17782293245008413   0.7483638275525114   545.5572302857807
166   0.1936537366290643   0.7450481615057958   543.1401097377252
167   0.20480320214728895   0.7419765792440431   540.9009262689074
168   0.20419830026084   0.7391457069367688   538.8372203569045
169   0.19025769345821023   0.7365524481832967   536.9467347256233
170   0.16666291687181373   0.7341939774770828   535.2274095807933
171   0.14122947532411612   0.7320677342699249   533.6773782827753
172   0.12392573785432964   0.7301714176161092   532.2949634421436
173   0.12426856060652755   0.7285029813785967   531.0786734249969
174   0.14857293190796583   0.7270606299813105   530.0271992563753
175   0.1977320093545346   0.7258428146934437   529.1394119115205
176   0.26622270646000545   0.7248482304335315   528.4143599860445
177   0.34279611567276613   0.7240758130827791   527.851267737346
178   0.4128537676390893   0.7235247372988292   527.4495334908463
179   0.4619708937360001   0.723194414822818   527.2087284058342
180   0.4796054654907212   0.7230844932741946   527.1285955968879
