0   nan   1.246807942913628e+20   9.089229903840349e+22
1   nan   124189632.95262693   90534242422.46507
2   nan   7778565.098472821   5670573956.786686
3   nan   1537921.4560423014   1121144741.4548378
4   nan   486943.22603565856   354981611.7799952
5   nan   199583.03441042817   145496032.08520213
6   nan   96316.1584333496   70214479.49791186
7   nan   52028.35455674552   37928670.47186749
8   nan   30523.490335926057   22251624.454890095
9   nan   19073.185930202693   13904352.543117767
10   nan   12526.557804242295   9131860.639292633
11   nan   8565.251688605287   6244068.480993253
12   nan   6054.894163158838   4414017.844942794
13   nan   4401.705399067086   3208843.235919905
14   nan   3277.0849624793073   2388994.937647415
15   nan   2490.480968625954   1815560.6261283206
16   nan   1926.9035120485514   1404712.660283394
17   nan   1514.5348385307898   1104095.8972889457
18   nan   1207.15648129216   880017.0748619844
19   nan   974.2301003535016   710213.7431577028
20   nan   795.1007351744021   579628.4359421391
21   nan   655.5036006671935   477862.1248863841
22   nan   545.4006861071707   397597.1001721274
23   nan   457.6076751016329   333595.99514909036
24   nan   386.90299133396   282052.2806824569
25   nan   329.43797960608003   240160.2871328324
26   nan   282.3392476548137   205825.31154035917
27   nan   243.43604898416487   177464.8797094562
28   nan   211.0705003320486   153870.39474206345
29   nan   183.96358410317185   134109.45281121228
30   nan   161.11929385657126   117455.96522144043
31   nan   141.75522922770372   103339.562106996
32   nan   125.25177243018392   91308.54210160411
33   nan   111.11447840066602   81002.45475408554
34   nan   98.94596845534409   72131.61100394583
35   nan   88.42473190094489   64461.62955578884
36   nan   79.28899908074118   57801.68032986033
37   nan   71.32437250761075   51995.467558048236
38   nan   64.35426743279253   46914.26095850576
39   nan   58.23247014118647   42451.47073292493
40   nan   52.83730511175914   38518.395426472416
41   nan   48.06703353791598   35040.867449140744
42   nan   43.8362009157135   31956.590467555143
43   nan   40.072721009581365   29213.01361598481
44   nan   36.71553479535766   26765.62486581573
45   nan   33.71272106609923   24576.57365718634
46   nan   31.01996387276663   22613.553663246872
47   nan   28.599303426590478   20848.892197984456
48   nan   26.41811335535977   19258.804636057266
49   nan   24.448259614974265   17822.78125931624
50   nan   22.665405881723636   16523.08088777653
51   nan   21.048437602760462   15344.311012412374
52   nan   19.578982588828353   14273.078307255868
53   nan   18.24101048616013   13297.696644410733
54   nan   17.020496956644955   12407.942281394173
55   nan   15.90514114746861   11594.847896504618
56   nan   14.884127210441711   10850.528736412005
57   nan   13.947922364245715   10168.035403535127
58   nan   13.088105377097472   9541.22881990406
59   nan   12.297220457643952   8964.673713622442
60   nan   11.568652436047758   8433.547625878815
61   nan   10.89651984008076   7943.562963418876
62   nan   10.27558305760595   7490.900048994736
63   nan   9.701165254512121   7072.149470539337
64   nan   9.169084107536989   6684.262314394464
65   nan   8.675592731506931   6324.507101268554
66   nan   8.217328443842858   5990.432435561442
67   nan   7.7912682264839335   5679.834537106789
68   nan   7.394689925254237   5390.728955510339
69   nan   7.025138376028455   5121.3258761247425
70   nan   6.680395771384553   4870.008517339341
71   nan   6.358455685235018   4635.314194536329
72   nan   6.057500259828587   4415.9176894150405
73   nan   5.775880132453344   4210.616616558487
74   nan   5.5120967405487535   4018.318523860041
75   nan   5.264786695709443   3838.0295011721846
76   nan   5.032707960843103   3668.8441034546217
77   nan   4.814727601851562   3509.9364217497896
78   nan   4.6098109167248   3360.5521582923798
79   nan   4.417011771773495   3220.001581622878
80   nan   4.235463997621975   3087.653254266419
81   nan   4.064373717158766   2962.9284398087398
82   nan   3.903012494413084   2845.2961084271383
83   nan   3.750711207722109   2734.2684704294174
84   nan   3.606854562936214   2629.3969763805
85   nan   3.4708761730794477   2530.2687301749174
86   nan   3.342254140094068   2436.5032681285757
87   nan   3.22050708226456   2347.7496629708644
88   nan   3.105190557818655   2263.6839166498
89   nan   2.995893841192958   2184.006610229667
90   nan   2.8922370136579563   2108.4407829566503
91   nan   2.793868334531317   2036.7300158733303
92   nan   2.700461863162703   1968.636698245611
93   nan   2.611715305327285   1903.940457583591
94   nan   2.527348060686874   1842.4367362407313
95   nan   2.4470994506248287   1783.9354995055003
96   nan   2.370727108083783   1728.2600617930775
97   nan   2.2980055130760966   1675.2460190324746
98   nan   2.228724659332767   1624.7402766535877
99   nan   2.1626888391387484   1576.6001637321476
100   nan   2.099715534798654   1530.692624868219
101   nan   2.0396344064099985   1486.8934822728888
102   nan   1.9822863667120556   1445.0867613330886
103   nan   1.927522734744565   1405.1640736287882
104   nan   1.875204460907276   1367.0240520014045
105   nan   1.825201416771997   1330.571832826786
106   nan   1.7773917436749984   1295.718581139074
107   nan   1.7316612547192936   1262.381054690365
108   nan   1.6879028853524978   1230.4812034219706
109   nan   1.6460161881640925   1199.9458011716238
110   nan   1.6059068679729223   1170.7061067522604
111   nan   1.5674863536573844   1142.697551816233
112   nan   1.530671403522322   1115.8594531677725
113   nan   1.4953837413025226   1090.134747409539
114   nan   1.4615497201770593   1065.4697460090763
115   nan   1.42910001241487   1041.81390905044
116   nan   1.397969322493234   1019.1196360975674
117   nan   1.3680961217296739   997.3420727409325
118   nan   1.3394224026469368   976.4389315296169
119   nan   1.311893451452   956.3703261085078
120   nan   1.285457637155613   937.098617486442
121   nan   1.2600662159901594   918.5882714568261
122   nan   1.235673149902331   900.8057262787994
123   nan   1.2122349380043898   883.7192698052003
124   nan   1.1897104599648767   867.2989253143952
125   nan   1.1680608304076217   851.5163453671563
126   nan   1.1472492634675946   836.3447130678763
127   nan   1.1272409467245166   821.7586501621727
128   nan   1.1080029238008273   807.7341314508033
129   nan   1.0895039849702763   794.2484050433313
130   nan   1.0717145651777218   781.2799180145591
131   nan   1.054606648920112   768.8082470627617
132   nan   1.038153681483631   756.8140338015672
133   nan   1.022330486073015   745.2789243472278
134   nan   1.0071131864064689   734.185512890316
135   nan   0.992479134383783   723.5172889657779
136   nan   0.9784068424664365   713.2585881580322
137   nan   0.9648759204370323   703.3945459985965
138   nan   0.951867016231504   693.9110548327664
139   nan   0.9393617605614271   684.7947234492802
140   nan   0.9273427150656733   676.0328392828759
141   nan   0.9157933237507185   667.6133330142737
142   nan   0.9046978674973327   659.5247454055554
143   nan   0.8940414214282916   651.7561962212245
144   nan   0.8838098149472906   644.297355096575
145   nan   0.8739895942735191   637.1384142253953
146   nan   0.8645679873095042   630.2700627486286
147   nan   0.8555328706919315   623.683462734418
148   nan   0.846872738886303   617.3702266481148
149   nan   0.838576675196568   611.3223962182981
150   nan   0.8306343245703554   605.5324226117891
151   nan   0.8230358680892016   599.993147837028
152   nan   0.8157719990412581   594.6977873010771
153   nan   0.8088339004814439   589.6399134509726
154   nan   0.802213224190972   584.8134404352186
155   nan   0.7959020709545618   580.2126097258755
156   nan   0.7898929720796423   575.8319766460593
157   nan   0.7841788720873516   571.6663977516793
158   nan   0.7787531125102954   567.7110190200053
159   nan   0.7736094167367965   563.9612648011248
160   nan   0.7687418758458168   560.4128274916004
161   nan   0.76414493538088   557.0616578926615
162   nan   0.7598133830152022   553.9039562180825
163   nan   0.7557423370638469   550.9361637195443
164   nan   0.7519272358021079   548.1549548997366
165   nan   0.7483638275525114   545.5572302857807
166   nan   0.7450481615057958   543.1401097377252
167   nan   0.7419765792440431   540.9009262689074
168   nan   0.7391457069367688   538.8372203569045
169   nan   0.7365524481832967   536.9467347256233
170   nan   0.7341939774770828   535.2274095807933
171   nan   0.7320677342699249   533.6773782827753
172   nan   0.7301714176161092   532.2949634421436
173   nan   0.7285029813785967   531.0786734249969
174   nan   0.7270606299813105   530.0271992563753
175   nan   0.7258428146934437   529.1394119115205
176   nan   0.7248482304335315   528.4143599860445
177   nan   0.7240758130827791   527.851267737346
178   nan   0.7235247372988292   527.4495334908463
179   nan   0.723194414822818   527.2087284058342
180   nan   0.7230844932741946   527.1285955968879
