0   -1.5152490489838475   -0.0243042870998047
1   0.6499235337334262   -1.0982528397741482
2   -0.9520170296677044   -1.843166661342836
3   0.1887208802003838   -2.3943688823172966
4   0.9092590825943073   -2.826390745043938
5   -1.5523246834192677   -3.179764344488214
6   -0.9071334895381827   -3.477978213068387
7   -0.5302488691008421   -3.735592688454243
8   -0.049486606872387665   -3.9621693395894986
9   0.40849385878585387   -4.164291343270278
10   0.6456839094127814   -4.346670146523773
11   1.0307655369783468   -4.512787073520963
12   1.4173672213120152   -4.665283993626209
13   -1.5549899529871025   -4.806211381071866
14   -1.2707924926613625   -4.937191588383326
15   -0.8879299357734083   -5.059529696791554
16   -0.6833075135640589   -5.1742908290668135
17   -0.5550955651463453   -5.282355356670899
18   -0.23790281126696375   -5.384459148449968
19   0.122426519570288   -5.481223458948457
20   0.32796187652131925   -5.573177490719691
21   0.39615445613441735   -5.66077567919944
22   0.6014835758385243   -5.744411111769556
23   0.9598900965726219   -5.824426071888424
24   1.3718896824247477   -5.901120415589415
25   -1.3631604649767974   -5.97475829300392
26   -0.9926034902993265   -6.04557359171598
27   -0.6756845179798863   -6.113774382481122
28   -0.4229971096089222   -6.179546578648196
29   -0.23873275374422498   -6.243056970243226
30   -0.11910978616677767   -6.304455756550421
31   -0.05183319092559925   -6.363878673363175
32   -0.019621270162452062   -6.421448790251275
33   -0.006508198319503115   -6.477278037358187
34   -0.0019144751076089275   -6.53146850909751
35   -0.0005055242905037109   -6.584113582722314
36   -0.00012103296451934794   -6.6352988824150385
37   -2.648332695574654e-05   -6.685103113790062
38   -5.329430601022186e-06   -6.733598789147585
39   -9.914429779055185e-07   -6.780852860191061
40   -1.7124751847152415e-07   -6.8269272720139496
41   -2.7566453249315167e-08   -6.8718794498185325
42   -4.148979634478458e-09   -6.915762727929788
43   -5.852448990485725e-10   -6.958626729118969
44   -7.723159991310218e-11   -7.000517700982929
45   -9.20511896286541e-12   -7.041478815080981
46   -6.264717762321202e-13   -7.081550433667535
47   3.946984030781398e-13   -7.120770348141248
48   5.096799726266745e-13   -7.159173992733126
49   5.219499990667456e-13   -7.19679463645489
50   5.231931401883882e-13   -7.233663555907486
51   5.23312915120809e-13   -7.269810191194213
52   5.233239062960011e-13   -7.305262286881838
53   5.233248682894313e-13   -7.3400460196973265
54   5.233249487025231e-13   -7.374186114429713
55   5.233249551301247e-13   -7.407705949320294
56   5.23324955621991e-13   -7.440627652064341
57   5.233249556580654e-13   -7.472972187410067
58   5.233249556606038e-13   -7.504759437221916
59   5.233249556607752e-13   -7.5360082737726986
60   5.233249556607865e-13   -7.566736626940068
61   5.233249556607871e-13   -7.596961545905611
62   5.23324955660787e-13   -7.626699255887386
63   5.233249556607871e-13   -7.655965210377908
64   5.233249556607872e-13   -7.684774139308094
65   5.233249556607871e-13   -7.713140093512507
66   5.233249556607873e-13   -7.741076485831494
67   5.233249556607873e-13   -7.768596129150795
68   5.233249556607873e-13   -7.7957112716484485
69   5.233249556607873e-13   -7.82243362949132
70   5.233249556607874e-13   -7.8487744171995395
71   5.233249556607873e-13   -7.874744375875593
72   5.233249556607872e-13   -7.900353799475731
73   5.233249556607873e-13   -7.925612559284326
74   5.233249556607874e-13   -7.950530126736704
75   5.233249556607873e-13   -7.97511559472235
76   5.233249556607872e-13   -7.9993776974882875
77   5.233249556607871e-13   -8.023324829251573
78   5.233249556607872e-13   -8.04696506162006
79   5.233249556607871e-13   -8.070306159911818
80   5.233249556607871e-13   -8.093355598455705
81   5.233249556607871e-13   -8.116120574948493
82   5.23324955660787e-13   -8.138608023937438
83   5.233249556607872e-13   -8.160824629491497
84   5.233249556607871e-13   -8.182776837119064
85   5.23324955660787e-13   -8.204470864985309
86   5.233249556607869e-13   -8.225912714478
87   5.233249556607871e-13   -8.247108180166633
88   5.233249556607871e-13   -8.268062859196224
89   5.233249556607872e-13   -8.28878216015382
90   5.233249556607871e-13   -8.309271311442865
91   5.233249556607871e-13   -8.329535369197805
92   5.233249556607871e-13   -8.34957922476892
93   5.23324955660787e-13   -8.369407611805068
94   5.233249556607872e-13   -8.38902511295999
95   5.23324955660787e-13   -8.408436166245913
96   5.23324955660787e-13   -8.427645071056494
97   5.23324955660787e-13   -8.44665599387954
98   5.233249556607871e-13   -8.465472973718466
99   5.23324955660787e-13   -8.484099927240138
100   5.23324955660787e-13   -8.502540653665493
101   5.233249556607871e-13   -8.520798839418253
102   5.233249556607868e-13   -8.538878062545862
103   5.233249556607869e-13   -8.556781796925994
104   5.233249556607869e-13   -8.574513416270928
105   5.23324955660787e-13   -8.592076197941392
106   5.23324955660787e-13   -8.609473326580584
107   5.233249556607872e-13   -8.62670789757851
108   5.233249556607871e-13   -8.643782920376013
109   5.233249556607872e-13   -8.660701321617344
110   5.233249556607874e-13   -8.677465948159504
111   5.233249556607873e-13   -8.694079569946123
112   5.233249556607874e-13   -8.710544882753089
113   5.233249556607875e-13   -8.726864510812783
114   5.233249556607875e-13   -8.743041009323253
115   5.233249556607873e-13   -8.759076866848357
116   5.233249556607874e-13   -8.774974507614527
117   5.233249556607874e-13   -8.790736293709388
118   5.233249556607873e-13   -8.806364527187311
119   5.233249556607875e-13   -8.82186145208649
120   5.233249556607874e-13   -8.837229256362065
121   5.233249556607874e-13   -8.85247007373936
122   5.233249556607875e-13   -8.86758598549123
123   5.233249556607874e-13   -8.882579022143176
124   5.233249556607874e-13   -8.897451165109755
125   5.233249556607874e-13   -8.912204348265538
126   5.233249556607875e-13   -8.926840459453768
127   5.233249556607874e-13   -8.941361341935664
128   5.233249556607874e-13   -8.955768795783102
129   5.233249556607874e-13   -8.97006457921736
130   5.233249556607874e-13   -8.984250409896402
131   5.233249556607873e-13   -8.99832796615302
132   5.233249556607872e-13   -9.012298888186123
133   5.233249556607871e-13   -9.026164779207246
134   5.233249556607872e-13   -9.039927206544288
135   5.233249556607871e-13   -9.053587702704414
136   5.233249556607872e-13   -9.067147766397856
137   5.23324955660787e-13   -9.080608863524393
138   5.233249556607871e-13   -9.093972428124088
139   5.23324955660787e-13   -9.107239863293849
140   5.233249556607871e-13   -9.12041254207124
141   5.233249556607871e-13   -9.133491808287006
142   5.23324955660787e-13   -9.14647897738755
143   5.233249556607872e-13   -9.15937533722869
144   5.233249556607872e-13   -9.172182148841825
145   5.233249556607872e-13   -9.184900647173755
146   5.233249556607871e-13   -9.197532041801104
147   5.233249556607871e-13   -9.210077517620496
148   5.233249556607869e-13   -9.222538235515401
149   5.23324955660787e-13   -9.234915333000625
150   5.23324955660787e-13   -9.247209924845304
151   5.233249556607869e-13   -9.259423103675294
152   5.23324955660787e-13   -9.27155594055574
153   5.23324955660787e-13   -9.283609485554617
154   5.233249556607871e-13   -9.29558476828799
155   5.233249556607871e-13   -9.307482798447655
156   5.233249556607871e-13   -9.31930456631192
157   5.23324955660787e-13   -9.331051043240093
158   5.233249556607869e-13   -9.342723182151326
159   5.233249556607869e-13   -9.354321917988432
160   5.233249556607868e-13   -9.365848168167169
161   5.23324955660787e-13   -9.377302833011619
162   5.23324955660787e-13   -9.388686796176097
163   5.23324955660787e-13   -9.40000092505415
164   5.233249556607869e-13   -9.411246071175064
165   5.23324955660787e-13   -9.422423070588374
166   5.233249556607872e-13   -9.433532744236812
167   5.233249556607871e-13   -9.444575898318032
168   5.233249556607871e-13   -9.455553324635652
169   5.233249556607871e-13   -9.466465800939853
170   5.233249556607871e-13   -9.477314091257982
171   5.233249556607871e-13   -9.488098946215494
172   5.233249556607871e-13   -9.49882110334757
173   5.23324955660787e-13   -9.509481287401714
174   5.233249556607872e-13   -9.52008021063167
175   5.233249556607872e-13   -9.530618573082947
176   5.233249556607873e-13   -9.541097062870216
177   5.233249556607873e-13   -9.551516356446898
178   5.233249556607873e-13   -9.561877118867146
179   5.233249556607874e-13   -9.57218000404056
180   5.233249556607873e-13   -9.582425654979772
181   5.233249556607872e-13   -9.592614704041246
182   5.233249556607873e-13   -9.602747773159413
183   5.233249556607874e-13   -9.612825474074464
184   5.233249556607874e-13   -9.622848408553901
185   5.233249556607873e-13   -9.632817168608144
186   5.233249556607873e-13   -9.642732336700313
187   5.233249556607874e-13   -9.652594485950429
188   5.233249556607875e-13   -9.662404180334162
189   5.233249556607873e-13   -9.672161974876328
190   5.233249556607874e-13   -9.681868415839308
191   5.233249556607874e-13   -9.691524040906517
192   5.233249556607874e-13   -9.701129379361113
193   5.233249556607874e-13   -9.710684952260058
194   5.233249556607876e-13   -9.720191272603714
195   5.233249556607876e-13   -9.72964884550108
196   5.233249556607875e-13   -9.739058168330812
197   5.233249556607876e-13   -9.748419730898162
198   5.233249556607875e-13   -9.757734015587959
199   5.233249556607876e-13   -9.76700149751374
200   5.233249556607876e-13   -9.776222644663141
201   5.233249556607877e-13   -9.785397918039717
202   5.233249556607876e-13   -9.794527771801183
203   5.233249556607876e-13   -9.803612653394318
204   5.233249556607877e-13   -9.812653003686524
205   5.233249556607878e-13   -9.821649257094181
206   5.233249556607879e-13   -9.830601841707905
207   5.233249556607878e-13   -9.839511179414755
208   5.23324955660788e-13   -9.848377686017528
209   5.233249556607879e-13   -9.857201771351177
210   5.233249556607879e-13   -9.865983839396485
211   5.233249556607879e-13   -9.874724288391015
212   5.233249556607881e-13   -9.883423510937465
213   5.23324955660788e-13   -9.892081894109488
214   5.233249556607881e-13   -9.90069981955499
215   5.233249556607881e-13   -9.909277663597102
216   5.23324955660788e-13   -9.917815797332743
217   5.23324955660788e-13   -9.926314586728965
218   5.23324955660788e-13   -9.934774392717063
219   5.23324955660788e-13   -9.94319557128453
220   5.233249556607881e-13   -9.951578473564945
221   5.233249556607881e-13   -9.959923445925817
222   5.23324955660788e-13   -9.968230830054443
223   5.23324955660788e-13   -9.976500963041854
224   5.233249556607879e-13   -9.984734177464878
225   5.233249556607879e-13   -9.992930801466384
226   5.233249556607878e-13   -10.001091158833754
227   5.233249556607878e-13   -10.009215569075621
228   5.233249556607878e-13   -10.017304347496928
229   5.233249556607878e-13   -10.025357805272339
230   5.233249556607876e-13   -10.033376249518072
231   5.233249556607877e-13   -10.041359983362167
232   5.233249556607876e-13   -10.04930930601323
233   5.233249556607875e-13   -10.057224512827725
234   5.233249556607874e-13   -10.065105895375808
235   5.233249556607876e-13   -10.072953741505772
236   5.233249556607876e-13   -10.080768335407122
237   5.233249556607874e-13   -10.088549957672315
238   5.233249556607874e-13   -10.09629888535722
239   5.233249556607874e-13   -10.104015392040289
240   5.233249556607875e-13   -10.11169974788052
241   5.233249556607874e-13   -10.119352219674193
242   5.233249556607874e-13   -10.126973070910461
243   5.233249556607873e-13   -10.134562561825774
244   5.233249556607874e-13   -10.142120949457196
245   5.233249556607874e-13   -10.14964848769464
246   5.233249556607873e-13   -10.157145427332027
247   5.233249556607873e-13   -10.164612016117443
248   5.233249556607873e-13   -10.172048498802225
249   5.233249556607875e-13   -10.179455117189127
250   5.233249556607874e-13   -10.186832110179477
251   5.233249556607875e-13   -10.194179713819414
252   5.233249556607875e-13   -10.201498161345212
253   5.233249556607875e-13   -10.208787683227689
254   5.233249556607874e-13   -10.216048507215765
255   5.233249556607874e-13   -10.22328085837914
256   5.233249556607875e-13   -10.23048495915017
257   5.233249556607872e-13   -10.237661029364897
258   5.233249556607874e-13   -10.244809286303315
259   5.233249556607873e-13   -10.251929944728824
260   5.233249556607873e-13   -10.259023216926954
261   5.233249556607872e-13   -10.266089312743334
262   5.233249556607872e-13   -10.273128439620942
263   5.233249556607872e-13   -10.280140802636645
264   5.233249556607872e-13   -10.287126604537034
265   5.233249556607873e-13   -10.294086045773618
266   5.233249556607872e-13   -10.301019324537307
267   5.23324955660787e-13   -10.307926636792297
268   5.233249556607872e-13   -10.314808176309295
269   5.233249556607872e-13   -10.321664134698132
270   5.233249556607873e-13   -10.328494701439764
271   5.233249556607871e-13   -10.335300063917721
272   5.233249556607873e-13   -10.342080407448913
273   5.233249556607875e-13   -10.348835915313934
274   5.233249556607875e-13   -10.355566768786776
275   5.233249556607876e-13   -10.362273147164016
276   5.233249556607876e-13   -10.36895522779347
277   5.233249556607877e-13   -10.375613186102338
278   5.233249556607876e-13   -10.382247195624826
279   5.233249556607877e-13   -10.388857428029297
280   5.233249556607876e-13   -10.39544405314491
281   5.233249556607876e-13   -10.402007238987814
282   5.233249556607875e-13   -10.408547151786847
283   5.233249556607875e-13   -10.41506395600881
284   5.233249556607874e-13   -10.421557814383272
285   5.233249556607875e-13   -10.428028887926963
286   5.233249556607876e-13   -10.434477335967706
287   5.233249556607876e-13   -10.440903316167987
288   5.233249556607877e-13   -10.44730698454805
289   5.233249556607876e-13   -10.453688495508647
290   5.233249556607875e-13   -10.460048001853364
291   5.233249556607877e-13   -10.466385654810583
292   5.233249556607877e-13   -10.472701604055048
293   5.233249556607877e-13   -10.478995997729074
294   5.233249556607877e-13   -10.485268982463412
295   5.233249556607877e-13   -10.491520703397722
296   5.233249556607875e-13   -10.497751304200728
297   5.233249556607876e-13   -10.503960927090036
298   5.233249556607877e-13   -10.510149712851605
299   5.233249556607875e-13   -10.516317800858893
300   5.233249556607873e-13   -10.522465329091695
301   5.233249556607875e-13   -10.528592434154666
302   5.233249556607875e-13   -10.534699251295523
303   5.233249556607876e-13   -10.540785914422967
304   5.233249556607876e-13   -10.546852556124298
305   5.233249556607877e-13   -10.552899307682733
306   5.233249556607876e-13   -10.558926299094475
307   5.233249556607875e-13   -10.564933659085456
308   5.233249556607875e-13   -10.570921515127855
309   5.233249556607876e-13   -10.576889993456303
310   5.233249556607875e-13   -10.582839219083871
311   5.233249556607876e-13   -10.588769315817778
312   5.233249556607877e-13   -10.594680406274833
313   5.233249556607877e-13   -10.600572611896666
314   5.233249556607875e-13   -10.606446052964692
315   5.233249556607876e-13   -10.612300848614835
316   5.233249556607876e-13   -10.618137116852035
317   5.233249556607875e-13   -10.623954974564526
318   5.233249556607874e-13   -10.629754537537854
319   5.233249556607874e-13   -10.63553592046874
320   5.233249556607874e-13   -10.64129923697866
321   5.233249556607873e-13   -10.64704459962726
322   5.233249556607873e-13   -10.652772119925535
323   5.233249556607874e-13   -10.65848190834882
324   5.233249556607874e-13   -10.664174074349578
325   5.233249556607874e-13   -10.669848726369981
326   5.233249556607874e-13   -10.675505971854317
327   5.233249556607873e-13   -10.68114591726118
328   0.0   -10.6867686680755
329   nan   -10.692374328820382
330   nan   -10.697963003068764
331   nan   -10.703534793454885
332   nan   -10.709089801685614
333   nan   -10.714628128551578
334   nan   -10.720149873938128
335   nan   -10.725655136836167
336   nan   -10.73114401535278
337   nan   -10.736616606721729
338   nan   -10.742073007313792
339   nan   -10.747513312646943
340   nan   -10.75293761739638
341   nan   -10.758346015404413
342   nan   -10.763738599690214
343   nan   -10.7691154624594
344   nan   -10.774476695113501
345   nan   -10.779822388259285
346   nan   -10.785152631717938
347   nan   -10.790467514534129
348   nan   -10.795767124984923
349   nan   -10.801051550588587
350   nan   -10.806320878113262
351   nan   -10.811575193585506
352   nan   -10.816814582298719
353   nan   -10.822039128821467
354   nan   -10.827248917005644
355   nan   -10.832444029994571
356   nan   -10.837624550230947
357   nan   -10.8427905594647
358   nan   -10.847942138760724
359   nan   -10.853079368506519
360   nan   -10.858202328419708
361   nan   -10.86331109755547
362   nan   -10.868405754313843
363   nan   -10.873486376446966
364   nan   -10.87855304106618
365   nan   -10.88360582464905
366   nan   -10.888644803046308
367   nan   -10.893670051488666
368   nan   -10.898681644593562
369   nan   -10.903679656371814
370   nan   -10.908664160234169
371   nan   -10.913635228997776
372   nan   -10.91859293489257
373   nan   -10.923537349567564
374   nan   -10.928468544097068
375   nan   -10.933386588986814
376   nan   -10.938291554180008
377   nan   -10.943183509063294
378   nan   -10.94806252247265
379   nan   -10.952928662699188
380   nan   -10.957781997494909
381   nan   -10.962622594078338
382   nan   -10.967450519140128
383   nan   -10.972265838848568
384   nan   -10.97706861885502
385   nan   -10.981858924299294
386   nan   -10.98663681981495
387   nan   -10.991402369534526
388   nan   -10.996155637094702
389   nan   -11.000896685641404
390   nan   -11.005625577834838
391   nan   -11.010342375854451
392   nan   -11.01504714140384
393   nan   -11.019739935715599
394   nan   -11.024420819556097
395   nan   -11.029089853230204
396   nan   -11.033747096585936
397   nan   -11.038392609019082
398   nan   -11.043026449477734
399   nan   -11.047648676466773
400   nan   -11.052259348052313
